20301428
20301501
20301523
20301613
20301722
26225414
30252263
30252362
30252387
30726015
31082119
31588816
31643760
31711319
31736373
32119435
32141350
32228118
32249599
32437567
32467497
32482111
32538675
32551976
32644704
32657163
32686990
32715778
32757994
32811196
32842782
32907351
32921158
32962444
33050862
33128532
33142346
33148076
33305713
33349067
33416242
33434654
33487045
33491528
33492728
33535946
33583390
33583934
33621669
33626860
33749411
33749461
33764266
33814015
33823729
33824458
33861657
33871240
33932956
33951646
33970727
34006994
34047646
34085875
34093097
34102992
34139066
34139933
34142875
34153200
34154441
34184286
34215920
34225555
34231234
34233566
34259139
34264859
34265879
34266968
34292103
34297271
34309869
34331346
34355549
34370392
34372627
34376132
34380357
34396860
34397325
34400337
34409856
34417867
34431468
34432201
34453252
34459959
34473326
34480995
34480997
34480998
34487847
34491307
34492319
34496264
34496266
34503986
34514612
34516292
34520895
34553279
34560694
34561722
34563665
34564943
34581939
34600076
34618376
34655754
34663156
34687254
34688802
34697623
34699946
34710727
34717916
34718095
34727379
34731397
34736000
34737010
34739744
34740771
34741585
34741649
34743003
34747031
34748862
34748868
34758930
34763310
34763315
34772595
34772600
34774723
34780014
34781148
34785106
34788644
34788696
34789049
34791623
34792748
34796638
34800081
34800648
34808701
34809518
34816363
34820906
34822724
34825377
34825768
34837121
34837640
34844768
34848359
34848360
34860705
34864127
34864457
34866201
34874519
34877672
34882936
34883213
34883450
34889069
34889735
34890210
34893294
34896208
34896249
34901531
34903587
34904613
34906637
34907098
34910953
34913065
34915776
34919684
34919984
34919988
34920070
34923183
34923950
34931623
34935593
34939363
34952190
34952191
34953801
34953977
34955380
34957917
34958877
34959246
34962429
34963383
34965457
34967034
34967268
34968661
34969941
34974285
34978141
34979291
34980375
34981106
34983346
34983596
34985089
34990135
34991571
34994824
34995790
34996317
34996679
34997497
34997600
34999018
34999144
34999463
35002452
35011548
35015002
35015523
35017003
35017030
35017779
35018684
35018864
35026620
35027389
35028976
35029831
35030193
35032049
35032580
35032590
35033877
35034589
35035159
35035496
35035671
35035818
35036441
35037194
35037744
35040331
35043647
35043844
35044118
35045168
35047045
35051234
35051295
35051605
35052623
35056867
35056874
35058729
35062870
35063242
35063435
35063475
35064405
35065586
35065811
35066375
35066755
35067753
35067863
35068561
35068778
35068779
35068807
35068932
35069014
35072542
35073201
35075662
35076647
35078093
35078445
35078487
35078571
35078805
35080031
35080511
35081550
35082485
35084790
35085744
35086715
35090330
35092065
35092399
35093389
35094070
35096103
35098843
35101006
35101685
35104757
35105269
35106713
35107323
35109888
35109946
35113098
35114453
35115920
35116066
35119232
35120860
35122190
35122196
35126117
35126359
35126846
35126934
35127552
35130574
35134507
35137848
35138995
35139490
35143937
35144413
35145409
35148983
35151160
35152443
35152841
35153750
35154575
35158046
35160390
35163539
35163881
35164217
35164341
35165344
35169948
35170370
35170400
35174500
35176320
35176709
35178457
35178920
35178925
35178929
35178996
35180857
35185572
35185602
35186807
35187171
35187676
35188709
35189631
35195181
35198638
35202909
35208513
35208964
35211012
35211087
35211093
35211881
35212223
35212695
35212989
35215423
35215517
35216263
35218722
35218767
35221279
35222022
35225036
35225421
35229846
35233685
35234063
35234557
35235198
35236335
35239161
35240294
35240537
35240641
35241335
35243951
35246007
35247475
35248069
35250571
35250600
35255766
35255811
35258780
35260009
35260147
35261298
35263512
35264876
35266608
35267894
35267958
35268000
35268634
35268642
35269860
35269912
35272243
35276784
35276849
35276926
35277054
35279237
35281924
35285010
35292606
35295681
35297348
35302221
35305348
35307511
35307840
35307907
35310023
35313329
35313442
35314420
35318201
35318738
35320014
35322435
35322953
35323216
35323719
35323997
35324083
35326098
35326214
35326419
35328587
35328624
35330488
35330838
35332953
35333666
35334785
35335138
35335377
35335386
35337921
35341932
35341933
35342748
35342754
35344716
35345991
35346577
35350656
35351574
35351639
35351751
35353337
35353431
35354423
35358621
35358777
35358929
35359022
35361038
35361213
35364443
35364708
35366201
35366855
35367582
35368769
35370270
35377371
35379306
35381565
35384105
35384682
35384980
35386305
35387552
35388301
35390440
35391712
35392025
35394106
35396857
35398501
35398502
35399637
35400330
35400467
35401884
35405251
35405942
35406069
35407014
35408620
35408655
35408656
35409465
35416190
35416847
35417778
35418153
35421426
35422307
35422858
35427566
35429380
35429444
35429602
35429621
35429743
35430391
35431932
35434600
35434888
35434937
35436113
35437302
35437549
35438091
35438551
35438556
35439478
35442322
35442504
35443090
35444959
35447198
35448490
35449813
35449947
35450037
35451203
35456383
35456457
35458791
35462330
35464265
35465114
35465117
35470770
35471471
35472740
35482275
35482784
35484722
35484834
35485140
35485695
35487948
35489663
35490461
35490493
35495929
35496049
35498747
35499800
35500317
35500802
35504024
35508512
35508667
35509867
35510444
35510626
35511653
35511698
35527648
35529927
35531334
35531688
35531696
35534088
35534245
35534264
35537139
35538431
35543257
35543349
35543857
35544844
35546181
35548355
35549256
35549741
35549975
35550529
35552670
35554627
35558100
35561503
35563293
35565666
35565990
35567872
35568098
35568114
35568228
35569768
35569775
35570341
35571233
35572477
35575220
35576742
35577653
35582132
35582982
35583245
35583582
35584721
35585174
35585421
35586925
35589257
35589671
35592421
35592528
35592869
35593360
35593392
35593829
35594711
35595219
35596597
35597499
35597781
35598524
35601675
35602098
35602846
35603506
35607705
35609388
35610015
35613138
35613674
35616069
35619665
35620573
35623173
35623903
35624762
35625467
35628233
35628280
35628508
35630624
35630700
35631240
35631255
35634402
35635048
35635460
35638750
35639719
35640740
35643283
35643886
35644437
35645018
35645115
35651097
35651885
35654256
35655096
35655225
35656070
35658249
35659739
35660353
35660631
35661765
35664584
35665440
35668562
35668935
35672652
35673446
35675546
35677177
35678658
35678694
35682720
35682788
35683997
35684103
35684144
35684158
35684412
35684541
35685520
35685593
35687913
35689319
35689859
35690105
35690106
35691079
35691788
35693741
35694813
35696520
35697192
35698562
35698810
35698845
35701101
35701526
35707470
35708053
35708629
35708635
35710615
35710868
35712707
35712856
35714823
35714879
35716538
35716920
35717780
35718053
35718473
35718508
35718527
35718534
35720901
35721129
35721143
35721171
35721175
35723070
35723408
35723657
35724456
35729157
35729734
35730236
35730411
35730909
35730991
35732709
35733194
35733920
35734751
35738327
35740224
35740864
35743193
35743311
35743545
35744776
35744822
35744831
35745062
35745142
35745277
35747973
35748559
35749044
35750104
35751193
35752255
35753609
35757255
35757504
35758473
35759083
35759460
35761808
35762419
35763252
35763649
35764068
35764198
35766555
35766964
35767108
35771324
35771985
35774609
35775631
35777610
35780999
35781421
35782337
35782770
35782947
35783199
35784533
35785498
35787093
35787557
35790430
35791473
35791909
35792125
35792143
35792732
35792769
35795562
35797942
35800450
35802278
35803320
35804339
35807632
35807813
35807867
35807929
35809298
35809368
35810489
35811658
35811941
35812416
35813333
35814685
35818402
35820507
35820641
35822445
35831335
35831770
35833030
35834717
35836833
35836902
35837376
35837390
35838235
35840058
35840761
35841663
35842221
35843842
35846987
35847050
35848969
35848981
35849971
35850495
35850572
35850814
35850815
35852305
35852310
35853303
35858935
35861702
35863612
35868134
35868145
35868689
35870684
35872024
35872289
35872569
35872841
35873419
35873630
35882275
35882295
35884803
35884999
35887022
35887883
35888564
35890194
35892639
35893891
35893906
35894215
35894798
35895739
35895982
35897908
35898713
35899041
35899384
35899490
35899794
35904380
35907883
35909484
35910181
35919076
35919566
35920178
35921707
35922931
35926351
35927637
35928244
35932973
35933472
35933528
35933684
35934134
35936368
35942372
35943067
35943222
35944824
35945571
35945689
35945911
35947230
35948134
35951774
35952449
35953761
35955942
35956362
35956400
35956423
35956519
35956991
35958359
35958869
35958933
35959845
35960048
35961541
35963293
35964827
35965085
35965836
35968097
35968141
35968189
35971521
35973629
35973630
35973633
35975532
35975782
35975865
35977614
35978237
35978960
35980053
35982162
35983850
35983967
35984024
35984030
35985545
35986358
35990349
35990844
35993118
35995123
35996869
35998677
35999630
36000692
36001129
36002930
36004475
36005815
36007313
36008576
36008890
36008898
36009215
36009862
36012266
36012285
36012386
36012561
36012644
36012863
36014890
36014938
36027704
36028973
36029509
36029804
36031159
36031229
36031542
36032444
36034810
36034853
36034923
36035667
36036898
36038343
36038347
36040357
36040984
36041519
36042163
36042176
36042459
36043445
36043707
36044098
36046748
36046814
36048007
36049411
36051349
36052044
36055021
36056206
36058264
36058476
36058479
36059967
36060935
36062794
36067688
36067840
36067864
36070948
36073277
36076420
36076494
36076615
36077090
36077316
36078124
36079715
36079919
36081936
36082932
36083478
36083487
36091584
36091827
36094201
36096243
36097106
36098086
36103301
36105163
36105183
36105201
36105213
36105786
36110520
36113316
36114835
36117665
36121371
36121610
36122639
36124871
36124995
36126784
36129522
36133813
36135761
36136288
36139402
36140704
36142147
36142520
36142636
36143853
36144575
36145203
36147306
36149348
36149933
36150480
36154592
36155352
36157920
36158488
36159792
36160411
36162241
36162549
36162615
36162824
36165438
36166461
36168910
36169882
36171333
36172180
36172527
36172650
36172653
36172721
36176915
36178059
36178169
36179798
36180975
36181700
36182059
36183168
36183312
36183668
36183848
36183923
36183952
36184203
36184262
36188553
36188581
36188719
36190635
36192614
36192955
36193067
36193082
36193202
36193312
36194761
36199423
36199629
36199780
36204095
36204229
36204383
36205541
36208060
36208657
36208917
36209581
36209684
36211271
36212891
36212950
36214059
36216194
36216198
36216199
36216309
36220368
36224316
36224534
36224643
36226354
36227279
36229407
36231778
36232316
36232743
36234758
36235293
36235742
36235800
36240978
36246566
36246879
36249942
36250703
36250773
36252355
36252356
36252717
36252773
36256949
36257371
36259448
36261672
36263703
36267846
36268597
36270282
36270678
36271584
36272268
36272466
36272692
36273391
36273746
36275701
36277879
36278226
36279965
36281416
36281450
36282208
36283637
36284120
36286747
36286977
36287742
36290765
36293518
36296907
36296933
36296947
36297027
36299199
36299672
36300856
36301364
36302565
36306943
36307105
36308318
36308627
36309602
36312487
36313224
36313326
36313350
36314441
36317108
36318486
36319750
36321230
36321231
36321381
36321712
36321945
36321995
36322319
36326112
36326424
36328030
36328509
36329894
36330148
36330539
36330597
36332223
36332383
36332390
36332690
36333254
36334279
36334815
36335648
36336220
36337242
36339578
36339609
36339628
36345477
36346310
36347033
36349515
36349732
36352064
36353932
36355809
36356015
36356560
36358563
36358813
36359765
36360069
36360622
36362221
36362898
36364067
36364756
36364811
36371863
36372213
36373787
36374216
36375494
36376267
36378050
36381105
36381189
36382553
36383190
36386283
36388166
36389153
36389730
36394355
36394607
36396758
36397950
36401315
36401442
36402249
36403263
36406328
36407321
36407510
36408254
36409145
36411668
36412490
36412634
36414212
36416002
36419898
36420657
36422507
36423713
36424606
36424781
36427404
36430146
36432436
36432440
36432495
36433866
36436713
36438071
36441628
36442531
36444580
36445049
36446765
36447285
36447383
36450892
36451570
36451739
36452137
36454190
36455522
36456413
36456838
36457007
36458098
36460167
36461852
36461919
36465851
36466417
36467028
36468767
36469257
36471935
36471939
36472018
36472029
36472036
36472037
36472275
36472341
36472800
36476192
36479204
36481166
36482557
36483606
36484237
36495494
36496428
36497127
36499033
36499624
36500401
36500595
36503446
36504550
36505243
36505437
36506575
36507829
36508825
36509104
36509261
36509338
36514062
36514453
36514502
36515171
36515339
36516055
36516906
36518663
36519687
36520008
36520165
36524620
36525173
36525182
36527886
36529247
36529249
36531498
36532537
36532730
36535332
36535333
36538732
36538981
36541128
36541681
36541729
36542898
36546079
36547081
36549368
36550238
36550647
36552547
36555184
36556930
36557783
36557984
36558437
36558498
36558908
36561106
36565639
36565772
36567040
36570132
36572227
36572262
36572266
36572267
36573042
36573265
36573435
36573499
36574304
36578460
36583098
36584355
36584418
36585158
36585550
36585647
36592822
36592823
36594207
36595801
36595847
36596445
36600786
36602148
36603210
36604883
36608777
36610135
36610139
36610144
36613602
36615221
36615590
36615809
36615814
36615846
36616158
36618322
36618372
36621474
36624942
36624950
36626429
36626454
36627003
36627345
36627617
36629544
36629892
36634868
36635908
36635913
36637065
36637084
36637651
36638067
36638159
36638855
36640012
36641105
36641955
36642021
36642873
36645186
36645537
36647402
36647431
36648420
36649850
36652738
36653261
36657842
36660448
36669740
36670387
36670959
36671395
36671520
36672739
36674921
36675133
36675232
36675277
36676934
36676962
36677722
36677937
36677938
36678155
36678606
36678859
36683694
36683714
36686660
36686973
36686979
36694378
36696803
36703021
36703584
36703748
36703758
36705359
36705520
36707815
36708241
36709594
36709647
36710606
36718047
36718062
36725238
36725242
36725761
36726605
36728416
36728650
36729297
36731239
36731760
36731809
36732657
36733504
36734105
36734470
36738501
36738945
36739392
36739800
36743913
36743916
36745335
36747270
36753038
36753840
36759837
36760156
36760500
36761200
36761228
36762432
36764041
36764563
36768377
36768420
36770606
36770927
36771007
36771180
36771282
36771318
36771320
36771494
36773432
36777627
36778595
36778746
36779187
36781010
36782357
36782400
36786681
36787544
36787846
36788749
36789826
36789936
36790584
36790661
36794950
36797544
36799355
36801351
36803497
36803756
36803964
36805251
36805480
36807597
36807721
36809998
36811666
36812233
36813254
36817163
36817459
36819702
36821460
36822344
36825491
36825591
36825731
36826309
36826694
36831279
36834657
36834734
36835006
36835291
36835343
36836896
36837793
36838613
36839166
36839220
36839327
36840175
36841364
36841889
36842722
36842736
36843559
36843951
36846903
36851435
36852294
36853441
36855145
36856037
36856178
36860681
36860985
36862209
36863159
36863638
36864791
36866059
36867964
36868489
36869545
36869905
36870998
36874030
36877271
36880395
36883114
36883161
36883769
36891541
36892817
36894641
36898256
36899430
36900523
36900932
36901277
36902432
36903326
36903503
36905973
36907542
36908041
36908157
36913077
36915990
36916432
36917843
36918040
36921204
36923089
36924862
36925249
36926234
36926608
36928417
36928441
36929115
36930097
36930488
36930784
36930948
36933519
36933874
36935561
36936971
36937355
36937840
36938465
36940891
36945120
36948135
36948143
36948266
36948453
36948854
36949616
36950014
36950347
36950773
36952067
36952106
36958264
36959128
36960204
36960758
36961176
36963728
36963861
36963888
36966364
36967233
36967491
36970996
36971300
36972675
36974407
36978912
36978916
36982539
36984880
36985448
36985466
36985700
36985782
36985850
36986038
36986084
36986092
36986132
36986172
36986190
36989586
36989644
36989710
36990007
36990301
36990846
36991579
36994510
36994719
36996529
36998615
37001770
37001826
37001848
37001955
37002973
37003388
37003405
37005405
37005601
37005851
37006946
37009498
37009719
37010992
37011746
37013745
37014333
37022281
37022773
37023318
37023836
37025486
37026745
37026906
37031639
37031771
37033263
37033441
37033634
37033635
37034889
37037891
37039510
37040544
37046263
37047414
37049460
37049503
37049726
37049766
37050926
37050928
37050988
37053209
37054993
37054999
37055787
37055902
37056637
37056675
37057371
37057745
37058112
37059418
37060801
37060939
37061561
37062529
37063273
37064607
37064901
37065701
37067860
37068353
37069607
37070881
37072469
37075973
37076843
37077515
37077767
37077770
37077819
37080088
37080476
37080529
37081966
37082132
37083803
37087279
37087549
37091745
37091893
37096379
37096460
37097685
37099000
37100264
37104979
37105767
37107198
37107278
37111092
37111165
37111212
37111849
37114277
37116239
37119760
37120060
37120548
37121435
37122500
37122599
37122751
37123086
37127122
37127639
37127805
37128328
37129252
37140282
37143212
37143511
37147758
37149065
37151604
37155562
37158044
37158952
37160627
37160801
37161575
37161809
37161982
37164270
37164745
37167895
37168791
37169909
37170985
37175164
37175366
37175691
37178274
37179040
37179253
37179259
37179342
37181806
37182674
37182677
37188623
37189033
37190979
37196817
37197593
37197963
37200041
37202083
37202792
37203217
37205125
37205462
37207880
37208493
37208742
37210357
37210385
37210613
37214340
37217087
37218361
37220789
37222832
37222905
37224052
37225027
37225124
37225971
37232376
37236047
37236232
37236577
37237962
37237987
37239014
37239118
37239823
37240365
37242245
37242285
37244036
37244150
37244187
37245873
37247051
37247052
37247053
37248976
37248984
37249244
37250630
37251316
37251336
37251918
37253395
37253403
37253501
37258178
37259753
37260126
37263345
37263401
37263571
37263753
37264664
37269556
37269895
37271226
37273096
37273108
37274802
37275448
37275579
37275616
37275651
37276316
37279813
37279814
37282637
37282884
37282918
37285672
37289406
37293382
37294271
37298780
37299398
37299454
37300892
37301304
37305083
37307885
37308486
37309769
37312449
37313039
37313040
37313177
37313825
37313905
37315653
37316243
37317908
37321417
37321425
37321831
37324453
37324465
37324833
37324954
37326827
37326941
37328080
37331647
37333964
37335262
37336149
37336336
37336915
37339146
37339523
37341328
37342048
37342459
37348806
37354045
37354055
37355001
37355063
37355081
37355084
37356511
37359712
37360572
37361209
37362448
37363920
37364760
37365109
37369334
37371073
37371941
37373124
37373147
37374248
37375275
37375405
37375509
37375574
37375614
37375663
37375834
37380287
37381959
37382016
37384046
37385311
37389466
37389849
37390274
37390719
37393234
37393306
37395564
37396157
37397931
37400385
37402072
37403537
37405825
37406390
37406747
37407172
37409560
37419271
37419377
37423321
37423515
37423517
37429501
37429502
37429706
37430314
37432275
37432306
37432573
37439007
37439182
37440274
37441625
37445723
37445808
37446707
37447347
37447365
37449514
37449926
37450997
37451016
37451487
37451528
37452082
37453868
37456169
37457904
37459691
37459721
37460037
37460115
37461217
37462387
37462466
37462675
37467485
37469297
37474360
37476001
37476493
37476879
37478207
37481332
37481749
37481851
37482263
37482954
37483387
37484017
37486032
37489007
37489221
37490989
37491783
37492534
37494980
37496260
37497231
37503812
37505920
37505972
37506470
37506781
37506783
37506865
37507035
37509710
37511015
37511454
37512069
37513186
37513321
37513533
37514316
37515144
37516826
37522253
37523877
37523915
37524306
37525036
37525271
37530148
37530155
37531473
37532073
37532559
37534070
37538846
37539742
37541174
37541401
37542856
37544281
37544344
37544346
37544847
37545930
37549861
37550264
37550465
37554413
37554983
37558739
37559390
37560206
37560212
37560536
37561767
37562128
37563852
37565875
37568249
37569359
37569418
37569885
37571229
37571287
37571395
37571408
37573585
37575813
37576085
37576314
37576634
37577239
37579693
37580142
37580872
37581523
37582477
37590965
37591326
37593213
37594101
37594720
37598639
37598769
37598771
37599493
37601777
37602817
37604220
37605174
37605283
37605364
37605399
37608217
37608892
37610978
37611246
37611353
37611978
37621217
37621559
37622684
37624235
37625603
37627546
37627562
37628072
37630688
37631155
37632449
37634749
37634751
37634752
37636482
37637272
37638783
37641947
37642137
37644446
37644784
37645028
37645225
37646140
37648521
37651416
37652551
37655554
37657026
37658091
37658213
37659207
37660725
37661404
37662795
37663255
37665092
37665346
37666060
37667770
37670733
37672729
37673036
37673395
37674139
37678795
37679038
37680900
37682164
37686725
37686754
37686767
37686812
37686829
37688392
37689911
37693267
37697203
37699493
37701206
37703962
37706365
37708539
37713406
37713882
37713886
37714225
37714392
37714448
37714449
37716032
37716232
37720597
37722275
37722276
37722514
37723070
37724669
37727633
37727691
37729520
37731181
37731666
37732047
37732506
37733287
37734266
37736835
37737274
37739645
37739694
37739716
37739726
37741319
37748306
37749567
37749575
37751083
37751799
37752551
37753097
37756041
37757494
37757646
37757709
37761849
37762063
37762521
37764672
37764772
37764808
37764854
37765399
37771001
37773677
37773732
37774227
37774895
37776638
37777027
37777315
37777316
37777317
37777319
37778415
37778517
37779461
37780219
37781701
37782689
37782692
37787338
37790812
37793277
37793580
37793997
37794635
37794747
37795374
37796781
37796906
37797465
37801461
37801892
37802376
37802456
37802863
37802870
37806538
37808345
37811543
37811627
37815065
37815681
37817641
37818184
37822344
37823572
37823609
37826904
37827069
37827268
37828670
37831308
37831331
37832267
37832335
37832653
37834367
37836412
37836639
37837880
37838291
37840104
37841267
37842512
37843100
37843352
37844377
37844378
37844744
37845317
37850242
37850743
37853185
37853813
37853829
37854195
37854944
37856990
37858757
37858842
37859322
37859552
37860953
37861495
37861529
37861538
37861961
37862462
37862552
37863399
37863401
37867498
37868808
37869364
37869400
37869756
37869931
37871485
37871490
37872093
37872809
37873635
37877662
37879390
37884920
37886208
37890708
37895950
37896046
37897241
37899504
37899756
37899789
37900123
37902074
37902164
37909139
37909316
37909649
37913641
37913737
37913830
37914358
37916325
37916940
37918281
37918620
37918625
37918958
37919786
37920798
37921090
37922651
37923598
37925004
37926439
37927496
37928876
37930333
37932802
37934064
37935081
37938237
37939615
37942743
37942831
37946471
37946549
37948293
37948309
37950195
37951561
37952731
37952733
37952761
37952953
37957089
37958916
37959658
37963954
37964042
37964172
37965730
37967779
37969197
37970620
37970949
37971986
37975193
37976698
37982556
37984123
37987389
37987426
37987846
37989697
37989929
37990431
37990788
37992491
37994479
37995097
37995395
37995825
37997519
38000518
38000683
38003277
38003718
38004120
38004223
38004228
38006804
38006808
38007423
38007567
38007790
38008274
38013231
38016814
38020548
38021897
38024752
38027005
38029250
38030027
38030463
38030697
38031409
38033509
38033616
38034607
38035609
38035938
38036981
38037066
38039856
38039903
38040415
38040524
38042042
38042043
38042108
38042388
38042390
38042824
38045133
38045182
38046541
38048642
38050220
38050247
38050447
38052407
38053190
38053830
38053837
38053871
38055372
38056054
38056536
38057000
38057021
38057542
38058159
38059444
38059808
38059982
38060041
38061172
38062827
38062980
38065435
38068723
38069009
38069077
38069172
38071155
38072206
38072293
38074830
38075064
38076371
38078343
38084140
38087457
38089432
38091982
38092194
38096970
38100849
38100949
38101770
38103844
38104874
38104877
38106627
38107091
38107146
38110557
38112917
38114126
38114139
38115246
38117977
38123109
38123225
38124628
38124642
38128395
38128497
38128992
38130997
38135076
38138246
38138479
38139055
38140297
38140312
38140315
38141939
38143102
38144166
38144897
38147914
38147954
38149555
38149861
38155904
38157267
38158894
38163184
38163440
38164691
38164832
38165423
38169175
38169205
38169394
38170037
38170153
38171467
38171656
38172797
38175413
38176203
38176666
38176669
38176898
38181915
38186682
38190783
38190954
38191086
38191502
38192209
38193343
38193433
38194248
38195953
38196441
38198394
38199224
38201888
38203339
38203455
38204247
38204261
38204757
38211806
38212018
38212024
38212031
38212362
38212499
38213177
38213188
38213247
38213249
38215982
38216941
38217310
38217683
38219387
38219438
38219733
38219807
38219879
38219885
38223420
38223588
38223644
38226039
38227783
38228060
38228199
38228202
38230768
38232757
38232906
38232970
38236421
38239068
38239768
38241906
38242895
38243559
38243571
38243928
38244950
38246181
38246480
38246481
38247213
38247522
38251049
38253816
38254662
38255213
38256146
38257153
38257341
38262336
38262589
38263002
38264403
38264572
38270111
38270817
38272521
38276293
38277537
38278373
38278375
38278557
38278558
38279471
38279723
38282859
38283267
38283838
38284334
38284775
38284886
38285000
38285803
38290061
38290269
38294203
38294255
38295658
38296273
38296919
38297477
38297478
38300619
38301419
38301983
38303002
38303421
38305313
38305590
38306552
38307425
38309092
38309676
38309688
38310315
38310567
38310988
38312619
38313077
38313314
38316247
38317864
38317874
38318766
38319537
38322549
38322838
38322894
38323084
38325669
38325836
38326058
38327030
38327989
38328407
38328439
38328577
38332944
38334679
38335400
38336184
38337711
38337728
38338453
38340578
38341316
38342011
38345262
38345573
38346906
38347251
38347656
38350206
38350464
38350504
38352208
38354279
38356413
38359492
38361401
38361458
38362864
38362886
38364259
38364933
38367126
38368134
38368628
38372012
38373106
38373802
38375190
38378357
38380807
38382251
38382654
38385079
38385474
38388757
38389187
38389248
38390381
38393157
38393550
38398797
38398835
38398840
38398886
38401524
38402364
38402901
38403335
38404263
38406276
38407882
38407902
38408692
38411492
38412016
38412792
38412922
38413933
38417302
38417600
38417680
38419291
38419408
38419811
38421387
38421902
38423037
38424417
38425109
38425274
38426198
38429802
38429940
38432576
38434258
38436002
38437889
38439080
38442241
38442785
38445528
38447615
38447616
38447617
38449804
38450229
38451046
38452655
38453100
38453210
38455058
38455232
38455549
38456192
38457573
38458224
38458274
38460052
38460807
38460810
38462022
38462929
38463914
38464716
38466147
38468370
38469403
38471114
38471575
38471602
38474318
38475999
38476113
38476281
38478331
38479544
38480498
38480501
38481550
38483920
38484559
38485280
38486386
38487354
38489674
38489699
38489959
38490157
38492132
38492634
38493717
38493722
38493905
38493972
38498120
38499260
38500179
38500282
38500399
38502648
38504479
38504503
38505782
38506086
38506534
38508326
38508431
38509247
38512816
38513753
38513931
38514420
38516248
38516704
38517018
38518638
38518942
38518965
38518967
38519764
38520574
38520835
38521426
38522314
38526822
38527453
38527697
38527943
38528750
38532896
38532918
38533281
38533380
38534764
38536128
38537438
38537439
38537845
38537909
38539789
38539808
38539886
38539902
38542062
38542310
38542466
38542783
38542990
38543036
38546288
38547616
38549443
38552378
38553799
38555198
38556609
38561106
38562009
38562487
38563737
38564479
38566171
38567250
38567805
38567990
38569427
38570025
38570148
38571348
38571380
38572987
38573884
38574254
38574779
38575146
38575697
38576476
38577837
38578136
38579047
38579127
38579927
38581191
38583339
38583348
38583728
38583779
38584102
38584309
38585470
38585559
38588767
38588984
38588985
38590315
38590608
38593963
38597802
38599387
38599475
38600341
38604260
38604643
38606180
38606676
38607257
38607964
38611438
38612554
38612556
38616754
38618675
38621463
38621605
38621895
38621914
38621943
38621975
38621977
38622271
38622523
38623714
38628061
38630029
38631488
38632548
38633246
38634065
38635545
38636192
38636386
38636613
38640296
38640721
38642623
38642916
38643738
38646869
38647315
38648172
38649284
38650630
38650641
38652023
38655144
38655704
38657456
38659485
38661445
38662247
38662428
38663049
38663104
38663257
38663513
38663563
38663781
38664638
38665787
38669311
38671579
38671932
38672467
38672490
38674209
38674860
38674916
38674932
38675462
38675471
38675480
38677007
38677491
38678480
38679116
38679400
38683045
38685750
38687644
38687941
38688169
38689072
38689175
38689744
38692895
38693042
38694920
38696100
38699158
38700358
38701490
38701917
38701935
38702165
38703282
38703301
38703659
38703829
38704501
38704764
38704807
38705430
38706827
38707209
38707917
38710056
38710123
38710247
38710457
38710550
38710625
38710924
38713943
38719548
38720776
38721694
38722028
38722249
38722343
38723878
38724177
38725089
38726410
38726425
38727268
38727301
38727803
38728873
38729053
38729941
38731489
38732128
38732511
38732547
38732582
38732642
38733190
38733191
38734198
38736928
38737339
38740653
38743308
38744232
38745751
38746865
38747231
38748570
38750940
38751131
38751599
38752645
38753250
38754807
38754999
38755017
38755622
38756592
38758152
38759035
38761209
38762210
38762907
38763008
38763368
38766518
38766929
38770001
38770674
38771619
38773414
38773784
38774850
38775001
38776584
38776757
38777422
38777423
38779445
38779515
38779519
38780602
38781262
38786033
38787459
38788390
38788396
38788832
38790646
38791211
38791276
38794706
38795011
38795161
38795427
38795584
38795741
38795948
38799063
38804345
38805896
38807015
38808441
38808610
38809154
38809630
38810332
38812128
38812156
38812157
38812158
38812159
38812160
38812178
38812302
38813108
38813344
38818175
38820659
38820876
38821174
38821965
38823657
38823872
38825634
38830451
38830802
38831430
38835191
38836109
38837048
38839563
38841174
38842135
38842441
38843922
38844978
38845495
38846261
38848049
38848971
38848975
38849042
38849824
38850668
38851091
38851104
38852695
38852878
38855740
38857261
38858165
38860223
38861553
38861912
38865630
38867399
38873964
38874408
38874448
38874802
38875118
38875822
38878636
38878839
38878880
38878905
38879003
38879774
38879879
38881548
38882048
38884264
38885158
38885188
38886838
38888460
38888716
38890243
38890646
38890953
38891759
38892505
38892519
38892602
38892633
38892715
38893451
38893569
38895919
38898191
38899498
38900607
38901205
38901515
38904414
38905402
38906339
38906588
38908494
38908615
38909513
38909682
38909826
38910417
38910554
38911240
38912590
38914150
38915203
38916834
38917598
38918075
38919261
38921022
38922353
38922826
38923154
38923734
38924151
38925320
38925322
38925513
38927666
38927853
38929008
38929170
38931174
38931228
38931230
38934276
38934277
38936073
38936169
38936303
38937844
38937862
38937942
38938098
38941818
38942361
38943970
38944361
38944946
38944952
38952369
38959643
38959758
38959900
38960385
38960940
38962859
38965866
38966086
38967074
38967596
38968789
38968867
38969094
38969601
38969610
38969729
38969940
38971026
38971341
38971454
38971753
38972097
38974120
38974122
38978366
38979669
38980796
38981149
38981944
38981997
38982918
38985368
38986752
38987007
38987784
38990278
38992397
38992407
38994199
38994616
38994622
38996947
38999209
38999758
38999831
38999886
38999918
39001843
39001995
39003731
39004335
39005933
39009327
39012411
39013541
39015790
39016154
39017681
39017981
39018653
39018943
39019414
39021836
39023014
39025330
39027434
39029542
39031898
39032102
39032286
39032663
39032706
39035827
39037036
39038336
39038664
39040343
39041132
39041139
39042185
39044161
39046020
39046973
39047111
39047333
39050394
39050872
39051084
39051594
39051975
39052058
39052060
39053714
39054606
39054754
39055214
39056050
39056667
39056668
39059101
39060734
39062967
39063116
39064674
39064715
39064719
39064757
39064772
39065511
39066338
39066524
39066525
39066556
39067074
39067685
39067775
39068798
39068811
39068984
39069403
39071814
39072556
39072717
39074164
39074518
39076150
39077786
39079711
39081955
39083693
39083974
39084183
39086391
39086861
39089591
39089652
39092521
39092554
39092733
39093349
39093467
39093995
39094440
39094754
39097210
39097533
39097726
39098169
39098320
39099354
39100903
39101141
39102266
39102791
39104752
39105181
39106574
39108001
39108107
39108760
39110048
39110237
39111790
39113948
39114922
39116422
39116870
39117020
39117022
39117140
39119740
39120856
39121063
39121367
39121983
39122121
39125336
39125420
39125994
39127118
39128301
39129305
39129764
39131840
39135211
39136211
39137469
39139973
39140196
39141932
39142113
39142527
39143459
39146877
39147495
39149555
39151399
39151710
39151850
39152116
39153277
39154824
39154970
39155655
39156429
39156500
39158509
39158846
39159503
39163024
39163080
39163894
39167181
39168095
39168395
39170292
39170438
39172275
39172304
39173724
39174101
39174837
39174901
39178642
39178682
39181230
39182702
39183394
39183538
39183562
39186724
39187895
39189677
39190994
39192951
39193514
39193572
39193575
39195223
39197740
39198768
39199411
39200448
39201257
39201682
39201737
39202647
39203731
39204178
39205630
39205654
39206941
39208671
39210696
39210742
39211446
39212495
39212582
39213520
39216775
39217657
39217729
39218129
39218503
39218509
39218735
39219289
39220239
39220284
39220825
39220898
39221994
39222481
39223928
39224343
39225208
39225253
39226126
39232532
39234554
39236049
39236934
39237043
39238138
39240880
39241935
39242081
39243110
39243432
39244178
39244472
39246047
39246653
39248061
39250623
39250725
39251509
39256453
39257141
39262664
39262702
39263833
39264166
39264516
39265443
39266574
39267250
39267392
39269640
39270419
39270883
39271459
39272282
39272972
39273367
39273406
39275063
39275155
39275156
39275255
39275272
39276046
39276053
39276957
39277205
39277219
39278057
39278292
39278309
39280321
39281277
39282511
39282570
39283527
39284286
39286715
39287141
39287276
39289777
39289947
39290252
39291630
39291740
39291928
39293317
39293389
39297606
39298072
39298444
39298826
39299361
39299362
39300166
39300956
39301568
39303509
39304112
39305086
39305615
39305892
39306955
39307744
39307748
39307751
39307786
39307809
39308725
39310970
39311951
39312351
39313140
39316257
39317076
39318007
39318011
39318020
39318777
39322020
39322224
39324682
39324876
39325099
39326138
39326226
39326313
39328004
39332615
39333280
39334795
39334796
39335905
39337360
39338294
39339289
39339790
39340846
39342273
39342324
39343991
39344438
39344834
39348778
39350422
39350738
39351054
39351752
39352545
39352858
39353096
39354283
39354529
39355406
39356361
39356538
39357582
39357680
39357778
39358424
39360781
39362031
39362322
39362714
39363636
39365946
39366156
39368707
39368758
39369915
39369916
39371479
39372196
39373204
39378619
39379797
39379884
39380120
39380211
39380223
39380233
39380263
39381846
39383154
39383667
39384052
39385414
39387711
39388022
39388703
39388920
39388921
39388923
39388924
39389395
39391468
39391981
39392768
39393795
39395091
39395324
39395767
39396718
39396755
39397119
39397845
39400684
39403095
39403553
39404730
39405612
39406145
39407506
39407630
39407703
39408373
39410207
39411945
39412182
39413019
39413620
39414243
39415220
39415714
39415834
39416578
39417925
39418223
39418697
39418977
39419302
39419304
39420712
39421112
39421367
39423925
39423946
39425011
39425211
39426289
39426574
39427207
39427519
39427522
39430309
39431804
39433182
39434005
39434358
39437556
39437640
39437951
39437969
39440040
39440339
39440777
39441945
39442156
39442411
39444735
39444787
39445550
39445862
39446125
39447270
39448782
39449622
39450425
39452080
39454053
39454473
39454708
39454991
39455245
39456994
39457074
39457270
39457402
39458499
39458995
39459500
39461065
39461066
39461567
39465473
39468986
39471021
39473023
39473632
39474580
39474783
39476437
39476919
39477693
39479196
39479680
39481621
39485117
39487006
39490432
39490485
39492775
39492782
39492827
39493325
39494098
39494099
39494620
39494757
39497389
39499092
39500944
39502438
39502754
39504859
39505304
39506560
39507256
39508235
39509784
39510424
39513925
39514333
39514994
39515681
39515682
39516811
39518894
39519447
39519500
39519576
39519772
39521106
39521704
39523911
39524810
39525010
39527684
39528455
39530327
39532220
39532442
39533632
39534422
39534925
39534991
39536754
39537120
39539372
39540367
39541255
39541389
39545308
39545986
39547094
39548141
39548712
39549064
39549544
39550917
39551284
39553154
39554433
39556985
39556987
39557108
39558222
39559790
39560852
39562101
39563130
39563215
39563554
39566861
39571700
39571827
39574408
39575401
39575403
39577171
39577253
39577257
39577934
39578538
39579531
39579817
39580132
39580918
39580996
39581583
39586558
39589634
39589965
39594419
39594452
39594594
39595257
39595586
39596320
39598636
39599623
39599744
39601354
39601769
39603398
39604327
39605910
39606230
39607258
39608469
39608758
39610253
39612889
39613007
39613581
39614413
39614583
39615035
39616732
39617088
39617866
39618129
39618538
39620369
39621210
39621882
39623261
39623276
39623711
39626114
39626377
39627026
39627055
39628131
39628439
39629238
39631232
39631715
39633354
39633627
39634340
39636452
39636494
39636766
39640799
39641643
39641764
39643019
39644191
39644489
39644498
39644722
39644824
39645278
39648422
39649546
39650325
39650662
39653040
39653573
39654159
39654180
39657980
39658842
39658952
39660495
39664585
39671338
39671369
39673562
39674324
39674355
39675460
39677297
39679304
39681091
39683393
39683402
39683419
39683546
39683561
39683563
39683571
39684253
39686792
39687551
39689154
39689889
39691390
39695427
39696288
39698464
39701218
39701219
39701736
39702023
39702975
39704445
39705085
39706064
39708119
39709216
39711022
39712343
39713736
39714544
39716274
39717199
39717318
39721956
39722606
39723071
39723101
39723735
39725614
39725617
39726216
39727647
39728775
39729025
39729113
39730994
39731399
39732297
39733089
39733419
39733550
39734410
39735274
39736346
39739162
39741334
39741391
39741958
39742223
39742417
39743053
39746409
39746411
39746599
39749193
39749198
39752642
39753167
39753940
39755110
39755183
39755186
39756553
39756831
39756858
39757262
39758800
39759349
39760060
39760431
39761081
39761739
39761836
39765230
39770882
39771529
39774712
39777243
39778782
39778783
39778784
39779014
39779605
39781454
39783460
39788286
39788588
39789561
39792554
39792896
39795910
39796441
39796516
39797961
39798342
39798674
39798676
39798849
39799893
39803230
39803604
39803807
39804828
39805479
39806437
39806945
39806967
39806972
39809020
39809267
39810723
39819716
39820185
39820926
39821819
39824260
39824287
39824371
39825213
39826791
39827774
39831645
39832610
39832686
39833303
39834802
39835553
39836252
39838673
39839904
39840059
39841356
39842268
39842473
39842748
39843058
39843633
39845908
39846785
39848414
39848507
39849749
39850184
39850561
39851124
39851471
39852395
39852880
39854767
39855055
39855431
39855603
39857788
39859241
39861102
39861356
39861360
39861457
39862295
39863024
39869574
39869626
39870440
39871242
39871906
39871912
39872914
39873161
39873741
39875777
39875778
39877389
39877712
39878023
39878065
39880142
39880723
39884630
39891059
39892166
39892308
39892312
39893923
39899883
39900157
39900270
39903217
39903304
39903517
39903586
39904869
39905925
39907839
39909244
39910080
39910853
39910945
39914330
39915500
39917470
39917919
39917939
39917997
39919328
39922887
39923148
39924696
39925846
39926655
39927049
39927287
39927421
39928768
39929617
39933397
39934342
39935166
39935270
39935378
39935659
39936064
39936410
39937610
39940076
39940261
39940273
39940310
39941128
39941855
39942052
39942727
39944325
39944618
39947540
39948699
39948729
39949249
39950117
39950281
39950314
39951113
39952421
39952453
39952566
39954416
39954620
39954621
39954622
39954842
39955369
39958388
39958448
39958622
39958875
39959695
39962989
39964816
39969300
39969338
39970929
39971018
39971495
39971534
39973856
39976507
39978142
39978229
39978276
39978277
39978446
39978447
39980283
39980443
39981953
39982029
39982271
39985335
39991716
39992935
39993543
39994295
39995347
39997751
39997923
39998442
39999524
39999824
39999978
40000528
40000948
40004070
40004191
40004236
40004939
40005465
40005578
40006033
40006040
40006091
40009170
40011495
40012777
40013962
40015541
40015558
40015579
40016864
40017524
40020645
40020792
40022999
40023065
40023069
40023441
40023973
40025286
40025311
40025618
40026195
40028328
40029112
40029158
40032085
40033662
40033967
40034049
40034684
40034694
40035662
40037093
40042965
40043644
40044134
40044430
40044747
40045715
40045827
40047321
40048449
40049104
40049299
40052711
40054133
40057777
40058474
40058475
40058657
40058808
40059171
40061485
40061600
40061815
40064115
40064630
40065100
40066068
40068576
40070295
40070843
40071103
40071130
40073635
40073684
40073778
40076634
40077628
40077652
40081417
40081510
40081885
40082562
40083557
40083601
40083900
40085988
40085992
40086032
40086609
40086862
40087906
40089198
40089671
40089963
40091109
40094418
40097086
40097230
40098906
40099674
40101098
40101643
40102036
40105207
40107184
40108906
40109448
40109461
40109466
40109469
40113111
40118286
40120252
40120772
40121626
40121885
40122150
40122723
40124784
40131137
40134104
40136412
40136640
40137450
40139075
40139611
40140444
40141037
40141435
40142198
40144651
40145283
40145554
40147059
40147227
40147679
40151131
40151400
40153753
40153953
40155282
40156783
40156786
40158133
40159870
40161146
40166691
40166938
40168333
40168586
40171394
40172664
40174730
40177193
40177557
40178769
40182620
40183095
40184133
40184168
40186782
40186827
40187622
40187626
40188898
40188925
40188994
40190400
40190810
40190811
40190815
40191340
40192654
40192993
40195358
40196987
40199406
40204563
40207597
40207673
40208782
40209115
40209965
40211789
40211874
40213216
40213587
40215815
40215817
40217538
40218859
40219006
40220418
40220422
40221681
40221773
40222688
40222915
40225699
40228342
40228656
40229514
40230307
40231197
40233464
40237523
40238180
40238193
40238509
40239823
40242756
40243441
40243472
40243619
40249968
40250032
40250073
40250649
40253128
40253212
40253827
40254041
40254108
40254111
40255548
40256984
40260672
40261032
40261348
40261593
40262682
40263344
40263790
40263829
40263842
40264327
40265012
40265436
40265441
40265679
40267096
40267411
40268867
40270767
40271056
40271488
40274029
40274034
40274172
40274237
40274347
40274348
40276184
40276203
40276599
40276982
40277353
40279964
40280782
40282409
40282703
40284236
40284403
40285552
40285666
40286672
40286674
40287684
40288202
40288909
40289992
40291773
40292441
40294087
40294146
40294663
40294664
40294666
40294856
40294906
40294930
40295240
40295286
40295304
40296627
40300310
40300760
40300836
40304567
40304746
40305237
40305564
40305756
40306110
40306148
40306173
40306499
40307064
40307899
40308825
40309235
40310493
40310598
40310599
40312600
40314129
40314389
40315954
40316156
40318532
40318534
40319934
40321654
40322034
40322038
40322065
40323970
40324244
40326051
40327947
40327987
40328461
40330313
40331731
40332012
40332371
40333605
40334428
40334820
40336226
40337517
40337960
40338161
40338446
40338652
40338872
40339226
40339419
40341416
40342037
40342538
40345270
40347886
40347889
40348032
40348497
40349961
40350886
40350991
40360509
40362407
40362409
40362809
40362894
40362898
40363729
40363866
40364510
40365282
40368021
40368257
40368258
40368396
40368549
40370039
40371400
40372243
40374377
40374379
40375076
40377041
40378529
40382056
40382644
40383095
40383245
40383247
40384445
40384935
40385474
40387043
40388649
40391189
40392050
40392901
40395044
40403377
40403550
40404059
40405038
40409513
40410568
40410750
40412054
40412569
40414434
40414441
40414577
40414578
40415275
40415898
40418327
40419029
40419201
40419206
40419987
40421175
40423690
40423837
40424627
40424879
40424981
40425058
40425710
40427086
40427619
40427645
40430300
40430529
40431370
40431372
40431398
40435579
40435836
40436756
40437817
40439957
40441040
40441053
40441392
40441666
40441699
40441825
40442807
40442809
40443133
40443236
40444127
40445366
40446110
40446131
40446688
40449104
40449693
40450984
40452107
40453213
40453832
40453847
40456296
40456475
40458200
40458796
40460299
40460922
40461206
40461208
40461463
40461634
40464117
40464187
40464499
40466217
40466881
40467433
40469978
40471375
40471412
40472069
40473111
40473145
40474973
40478217
40478650
40479861
40479862
40480395
40480461
40482997
40483492
40484088
40484145
40484256
40484259
40485525
40486551
40487100
40487380
40487402
40488034
40488218
40490232
40490337
40490825
40490917
40492139
40493038
40493862
40494101
40494168
40495147
40496363
40498139
40498637
40499859
40500274
40501231
40501257
40504581
40505414
40506936
40507085
40507104
40507175
40511521
40511710
40511827
40512427
40513108
40513919
40513925
40516443
40517604
40517619
40518209
40519047
40521160
40523449
40525016
40526587
40527176
40527777
40528591
40532987
40537919
40538532
40539369
40540118
40540653
40540804
40541751
40542780
40543691
40543694
40544746
40545106
40545313
40545499
40550816
40551268
40552569
40553824
40553921
40554895
40555021
40555343
40555355
40555541
40556073
40556102
40556586
40556760
40557534
40559853
40563288
40564891
40564902
40564947
40565024
40565319
40568349
40569367
40569949
40570246
40570552
40571226
40572736
40573083
40575377
40576750
40579131
40579144
40579406
40581697
40582580
40586486
40587106
40589271
40591214
40592429
40593078
40597492
40599603
40599653
40600841
40601500
40601868
40604195
40605096
40608959
40611075
40611207
40611407
40611425
40612138
40615075
40615099
40615101
40617366
40618820
40618978
40620505
40621017
40621423
40623521
40623576
40624122
40625162
40625367
40626254
40627732
40630198
40630469
40631386
40631586
40633430
40633857
40634403
40635852
40636240
40636301
40636387
40636697
40636787
40636921
40638963
40639468
40639539
40639690
40642104
40643310
40644459
40647314
40647350
40647355
40647587
40649307
40649724
40649760
40649922
40650100
40651730
40653327
40655271
40659129
40660986
40663939
40665366
40670490
40671220
40672421
40673309
40673316
40673828
40674914
40675360
40675485
40675653
40676542
40677439
40678709
40678800
40679000
40679007
40679589
40680986
40681729
40681821
40682430
40683423
40683424
40684140
40684220
40684491
40684822
40685356
40686142
40686176
40689429
40690012
40691373
40691950
40692152
40694095
40694904
40695041
40699454
40699986
40699991
40702587
40702749
40703362
40706203
40706769
40707685
40708046
40708304
40708491
40708493
40708494
40708558
40709511
40710533
40711659
40712261
40713004
40713117
40714060
40714422
40716550
40716757
40717151
40719425
40719749
40721008
40722864
40725923
40729808
40732956
40732967
40733103
40734336
40734449
40735852
40736935
40737044
40737744
40738455
40738719
40740637
40742450
40743990
40744422
40746172
40746863
40748467
40749957
40751583
40752599
40754030
40754568
40754690
40754863
40754926
40756340
40756613
40759297
40759977
40760153
40760535
40761670
40762285
40762759
40763875
40765222
40765411
40767555
40770247
40770480
40772023
40772996
40775305
40775550
40777204
40777606
40778534
40778540
40779034
40779472
40779863
40780560
40783039
40783358
40783584
40786042
40787698
40792255
40793826
40794303
40794951
40795588
40797501
40798923
40802356
40805720
40806069
40806117
40806739
40807276
40807435
40807535
40809521
40811614
40812556
40812641
40813555
40815898
40815946
40816629
40820824
40821810
40825385
40825386
40825719
40825988
40826910
40827263
40828575
40829297
40832781
40833710
40833997
40834107
40834746
40834828
40836368
40838840
40840728
40840845
40841526
40845990
40846265
40847538
40848863
40849723
40849767
40849776
40850424
40854104
40854301
40854370
40854389
40854416
40854417
40856492
40857202
40859967
40860180
40861494
40862425
40865561
40865652
40865746
40867513
40867852
40867875
40869023
40869259
40869311
40871742
40873070
40873077
40873177
40876271
40876792
40876813
40877731
40878104
40879960
40880678
40884060
40884184
40884514
40885110
40886068
40886866
40887281
40888131
40890311
40890667
40891115
40892742
40892759
40894218
40896870
40899311
40901583
40902418
40902811
40904159
40905018
40905602
40906698
40909391
40911636
40912482
40913543
40913888
40913990
40915524
40916843
40921229
40921337
40921338
40922146
40922180
40922261
40922383
40925921
40926716
40926986
40928360
40928374
40930188
40930293
40932836
40933143
40935043
40935212
40936357
40937077
40938307
40943363
40943605
40944226
40944285
40944546
40945251
40945584
40946822
40946935
40948779
40950574
40951584
40956568
40957167
40957190
40957293
40957543
40962224
40962506
40964057
40965564
40967646
40969002
40971595
40972718
40973006
40974129
40975036
40975081
40975324
40975907
40976095
40976125
40976465
40979578
40982190
40982620
40984734
40985186
40987823
40989615
40990659
40991455
40992023
40992068
40992648
40993485
40995928
40996192
40996198
40997664
40998881
41001340
41003992
41004024
41004866
41006034
41006191
41006306
41008619
41009674
41009707
41009982
41011571
41011612
41012802
41014426
41014833
41015295
41015321
41015811
41016296
41016299
41016817
41019543
41020309
41020819
41020899
41022592
41022594
41024248
41024889
41024890
41025833
41026282
41027196
41027548
41031109
41033424
41033511
41034179
41035483
41035979
41036377
41037152
41037809
41038146
41038149
41038150
41038290
41038332
41038804
41038833
41040130
41042615
41042784
41043658
41044512
41044986
41045427
41045801
41046082
41046554
41047021
41047693
41049463
41050162
41050396
41052308
41052689
41053833
41054419
41055146
41055772
41056661
41057340
41058697
41060388
41062675
41062714
41063466
41063544
41064134
41066868
41069418
41071233
41072084
41072219
41074142
41075203
41075217
41076005
41079251
41082165
41082803
41083084
41083412
41083455
41083594
41083693
41083705
41084431
41084435
41084436
41084452
41084460
41084466
41085783
41087615
41087767
41089245
41089715
41089852
41090451
41092832
41093119
41093917
41096556
41097053
41097143
41097206
41097404
41098893
41099846
41101547
41102471
41102837
41106404
41106539
41106563
41106789
41107432
41110549
41110732
41110769
41111511
41112009
41114233
41114881
41115484
41115561
41116872
41120029
41120449
41122569
41123175
41123834
41124705
41126692
41127403
41127994
41129559
41130376
41131348
41131847
41133734
41134831
41135015
41135275
41136720
41138575
41139042
41139758
41141263
41142145
41143740
41144158
41146264
41146589
41148449
41148568
41150183
41151450
41151625
41154722
41155164
41155348
41155650
41156530
41157845
41158122
41158126
41158134
41160105
41160494
41161498
41162625
41163572
41167668
41168307
41168313
41171441
41172784
41172806
41173053
41173402
41174950
41175590
41176140
41177217
41177238
41178689
41180856
41180995
41181146
41181767
41182678
41183487
41185505
41186080
41187529
41190061
41191490
41192143
41193521
41196338
41197245
41197924
41198310
41199095
41202380
41204555
41205394
41205528
41205638
41207267
41207513
41208063
41208249
41208567
41212763
41213214
41213441
41213461
41213854
41214635
41216006
41216272
41216275
41216486
41216817
41217033
41217303
41218810
41219207
41220153
41221995
41222452
41222694
41223581
41225671
41225688
41226123
41226369
41226722
41228407
41228421
41228431
41228527
41228535
41228562
41232630
41233951
41237871
41237997
41238121
41238600
41239751
41240172
41240301
41240545
41241335
41241363
41242299
41242309
41243483
41248113
41249191
41249408
41250907
41253415
41254156
41254359
41254699
41256260
41257640
41260255
41260421
41260554
41261722
41262061
41262736
41263017
41263038
41263854
41265536
41265587
41267514
41268320
41270737
41270879
41271332
41272855
41274521
41274796
41275602
41275833
41275938
41276746
41276925
41276996
41277603
41278156
41278472
41280792
41283635
41284344
41286425
41286524
41289748
41290199
41292298
41295031
41296035
41296792
41297320
41297343
41297636
41297725
41298721
41299717
41300029
41301472
41302431
41304952
41305576
41305606
41305629
41306340
41308384
41308441
41308927
41311807
41311993
41312939
41313846
41314208
41314269
41314270
41316098
41317811
41318014
41319544
41320312
41320435
41320748
41320750
41322282
41323764
41327398
41328839
41330457
41331192
41331663
41331992
41338112
41338311
41338315
41338509
41340591
41342618
41346200
41347743
41348177
41348839
41350419
41350926
41350964
41351833
41352244
41352834
41353884
41354800
41355136
41357200
41357887
41358058
41358721
41359076
41362093
41362275
41364285
41364607
41364637
41366779
41368112
41368331
41368575
41371550
41372094
41373837
41373932
41373985
41374088
41375947
41376058
41378211
41378251
41378333
41378447
41380328
41380360
41380411
41380413
41380414
41380855
41380944
41382068
41383461
41383472
41385945
41385978
41387249
41388930
41389406
41391087
41391266
41395309
41396323
41398772
41398816
41399345
41402426
41403091
41403097
41406809
41408124
41409793
41411135
41411718
41411887
41415835
41416507
41416592
41416609
41418959
41419042
41419829
41420164
41420373
41421169
41421171
41422893
41423158
41423159
41424975
41425574
41429136
41429620
41431018
41431168
41431350
41435602
41437716
41438070
41440201
41441991
41442991
41443115
41443484
41443516
41444287
41444759
41447757
41449191
41450556
41450574
41451376
41453546
41454954
41455169
41455671
41455765
41455855
41457445
41458968
41459325
41460538
41460745
41461960
41463403
41466504
41467496
41468645
41468767
41469877
41469936
41470792
41470800
41470863
41470891
41471280
41472173
41474201
41475279
41475879
41476190
41476305
41478593
41478595
41479754
41482088
41482230
41482364
41482783
41483363
41484805
41484887
41485442
41485712
41489519
41491437
41493709
41495278
41495629
41496713
41498106
41498899
41499257
41500345
41501793
41503442
41504140
41506518
41507627
41507701
41507702
41508063
41508200
41508218
41508269
41508271
41508502
41508531
41509118
41511947
41512636
41514305
41515160
41515201
41515244
41517125
41517723
41517800
41519187
41520245
41520736
41524175
41524493
41524810
41524844
41528567
41529466
41530783
41532219
41533014
41534752
41534860
41534953
41535828
41539093
41539632
41540694
41542649
41543328
41543331
41544471
41544700
41546862
41547913
41550588
41551413
41553359
41554742
41556361
41558629
41559682
41559683
41560354
41563678
41566333
41566457
41570299
41570783
41571019
41571094
41571362
41572711
41573724
41574525
41574533
41575476
41577946
41578541
41578885
41579599
41580039
41581616
41582194
41582372
41582564
41583193
41583423
41584191
41585420
41585865
41585934
41587525
41588773
41588833
41590615
41592240
41592295
41592357
41594353
41596167
41596333
41599370
41599912
41601620
41601875
41607423
41609005
41609368
41609959
41611434
41612687
41612982
41613323
41613597
41614072
41614611
41615250
41616563
41618264
41620901
41620917
41621177
41621698
41621898
41622150
41623692
41630003
41630200
41630279
41630714
41630761
41631426
41632836
41633073
41633487
41634593
41635857
41636749
41637150
41637665
41637786
41638456
41640866
41640952
41642374
41642395
41642480
41643454
41643782
41645603
41645837
41647298
41650503
41650505
41650807
41650813
41652544
41652559
41652694
41654271
41655541
41655553
41655723
41657543
41662588
41663693
41663763
41663791
41666508
41666700
41668397
41669557
41672118
41672520
41674281
41674303
41679357
41683025
41683214
41683224
41683227
41683230
41683234
41683239
41683242
41683316
41683342
41683364
41683390
41683825
41683964
41686173
41687532
41687884
41689047
41689997
41690033
41690038
41690331
41690426
41694266
41694586
41695987
41697126
41698451
41702805
41703200
41703857
41703887
41704274
41708256
41708579
41710548
41711298
41714668
41714736
41716420
41716789
41719326
41720002
41721244
41722878
41724290
41725216
41725449
41727251
41729581
41730764
41731716
41732743
41734710
41735321
41735351
41736427
41739085
41741731
41742706
41744019
41744261
41747380
41747589
41747605
41747606
41747917
41751363
41751435
41751439
41751968
41754105
41754125
41754184
41754187
41754829
41755466
41759558
41759694
41760304
41761172
41761303
41761799
41761803
41762868
41762882
41763618
41763783
41764835
41765121
41767378
41771206
41771387
41772214
41775257
41775324
41776561
41778161
41778620
41779350
41779820
41780618
41781118
41781430
41785727
41787775
41788172
41788585
41791621
41793790
41794069
41794230
41794261
41794385
41794448
41795151
41795970
41796616
41796617
41797191
41798748
41799535
41799776
41800674
41801766
41802509
41802510
41802599
41803008
41803068
41803224
41805431
41807803
41808872
41809447
41809478
41809881
41810443
41810508
41812939
41814728
41814740
41814786
41814802
41815920
41816844
41819037
41819891
41820829
41821652
41822262
41823302
41824007
41824191
41828627
41829885
41830798
41831501
41831735
41832676
41832681
41833119
41833459
41833678
41834614
41837404
41837596
41838302
41841685
41845221
41846103
41849079
41850442
41852476
41852986
41853274
41853399
41854919
41855595
41859365
41859661
41861186
41863557
41864440
41865147
41865487
41866005
41866007
41867256
41869405
41871630
41872823
41876031
41876249
41877243
41877256
41877645
41877798
41877831
41878325
41878904
41879388
41881083
41881279
41881318
41882829
41883009
41886438
41886951
41887383
41887412
41887691
41887702
41888318
41893544
41895142
41895984
41896285
41896573
41898444
41898568
41899489
41900093
41901107
41901145
41901171
41901543
41902852
41903343
41905097
41905543
41905728
41905731
41905832
41906421
41907553
41908737
41908832
41908946
41909037
41910701
41910846
41910928
41911988
41912552
41914400
41916408
41917882
41923057
41924451
41925071
41925905
41927111
41927466
41929572
41930749
41931506
41931531
41932001
41932619
41933743
41933744
41934303
41935648
41936264
41937014
41937194
41937618
41938516
41939765
41939825
41939848
41941040
41945137
41945403
41946579
41947488
41947720
41951035
41951193
41954200
41955719
41956789
41958184
41958187
41958576
41960680
41961587
41961895
41962267
41962268
41962269
41962521
41964290
41965724
41966031
41966033
41967326
41967776
41968171
41968766
41969419
41970162
41971081
41971583
41971603
41973707
41974237
41974262
41974580
41975989
41976162
41976241
41976554
41977192
41977396
41978155
41978207
41980338
41981689
41985222
41986613
41987155
41988468
41989265
41990529
41990922
41990925
41991166
41991643
41992528
41993593
41993687
41993723
41994221
41994913
41995495
41996067
41996609
41997340
41999704
42000078
42001054
42001289
42001870
42003007
42003259
42004952
42010470
42010989
42011589
42013525
42015346
42015786
42015904
42016239
42016255
42016259
42019386
42019889
42022551
42022554
42023438
42023869
42025193
42026237
42027254
42032917
42033213
42034675
42036469
42038464
42044593
42044776
42045038
42045980
42046251
42046378
42046530
42047092
42047161
42047332
42047937
42049155
42049985
42051254
42053886
42057131
42059434
42061086
42061133
42061563
42061567
42061658
42062034
42063960
42064210
42064759
42064791
42064999
42066574
42066797
42066823
42066824
42069598
42070807
42072155
42072333
42072656
42075067
42075090
42075121
42075812
42076006
42078929
42078954
42081375
42081956
42081957
42084228
42087421
42088396
42091236
42091451
42092331
42092442
42092913
42093245
42093878
42096839
42096903
42097342
42097772
42100652
42100655
42101166
42101515
42102940
42107543
42107753
42107896
42108548
42108774
42110532
42111807
42114308
42114770
42116302
42116385
42116734
42118408
42119181
42119450
42119868
42123402
42123474
42123525
42123731
42124080
42127596
42127849
42128074
42129831
42130019
42130159
42130294
42132696
42133114
42135429
42136191
42136231
42137746
42138455
42141267
42141777
42142554
42142584
42143988
42144025
42145851
42146089
42146309
42147312
42147328
42150488
42151830
42152643
42159586
42160492
42160717
42160989
42161228
42164508
42166468
42169288
42169316
42170319
42170962
42170984
42171826
42171926
42173262
42173416
42174876
42176986
42178074
42178078
42178306
42178446
42180525
42181845
42182586
42183858
42184494
42184682
42185867
42186076
42186383
42187864
42188051
42188294
42190414
42190474
42193114
42193256
42195102
42196250
42196377
42196602
42197046
42199808
42201059
42201771
42202220
42202737
42203022
42205663
42207030
42207160
42207218
42208350
42209785
42210303
42210926
42212193
42214223
42214227
42215136
42216997
42217069
42217346
42217556
42220214
42222163
42224857
42225163
42226175
42226872
42228039
42228225
42229622
42229820
42230045
42231735
42232177
42233643
42233997
42234204
42235713
42235858
42236661
42237982
42242027
42242086
42242436
42242599
42244286
42244311
42244314
42244863
42246628
42247178
42249314
42250384
42251266
42251809
42252036
42252331
42253964
42255425
42256407
42256702
42259102
42259413
42259422
42260634
42261445
42261449
42264256
42264398
42264444
42265807
42269583
42269890
42274161
42274254
42275883
42276390
42276391
42276885
42278226
42278266
42280144
42280407
42280426
42283012
42284645
42285686
42285690
42285789
42286842
42287135
42288160
42290032
42290500
42292177
42293211
42295788
42296919
42297734
42298762
42300613
42300615
42300918
42301205
42302643
42302993
42303053
42303166
42306001
42308920
42310754
42310899
42311560
42314118
42318663
42319350
42319724
42319926
42322285
42323099
42324266
42325909
42326441
42327981
42327994
42328246
42331196
42331197
42332507
42332510
42333571
42334764
42336115
42336136
42338488
42340092
42340577
42341648
42341858
42341860
42341861
42342123
42342128
42343846
42344577
42346373
42351108
42351990
42352282
42353082
42353410
42354127
42356290
42356334
42356344
42356374
42357177
42357298
42357514
42357579
42358145
42359071
42359775
42359855
42361759
42363492
42364655
42365404
42365417
42367407
42372597
42373438
42373439
42374242
42376517
42376529
42377022
42381151
42381645
42385432
42385434
42386559
42387424
42388541
42388647
42389593
42389725
42390324
42391864
42392642
42392700
42392746
42392755
42392795
42395020
42397631
42399563
42403686
42403717
42404798
42406931
42407037
42409346
42417943
42423006
42424534
42428305
42428317
42429050
42430818
42431283
42431285
42431339
42434935
42435526
42436556
42441559
42444028
42445565
42447971
42448736
42450124
42450779
42453351
42453604
42456474
42456947
42457095
42459050
42459125
42460759
42466148
42466700
42467883
42467982
42468370
42468884
42469127
42469894
42470952
42475234
42475410
42477798
42478196
42481131
42481953
42482852
42483733
42484240
42487941
42488218
42488841
42491231
42493082
42496309
42497478
42498088
42498356
42501513
42501550
42502106
42503322
42504684
