42430280
42427811
42393783
42388864
42338004
42303801
42227095
42035037
41940570
41938292
41934962
41756473
41746376
41705866
41673302
41647486
41570393
41499143
41490869
41406095
41338562
41264765
41258546
41110280
40969692
40936162
40891477
40859597
40826740
40792340
40759257
40638190
40602467
40581321
40428357
40409467
40267986
40078581
39963179
39956606
39818292
39784501
39757787
39732159
39686460
39607645
39586905
39560075
39409864
39379461
39298632
39105138
38865256
38814276
38785059
38757104
38662173
38595876
38583757
38580436
38453270
38452902
38426469
38407354
38396761
38339178
38328729
38257157
38133239
38068743
38021740
37982866
37964974
37823200
37807045
37801451
37791799
37775026
37755464
37734142
37722335
37602447
29489276
37490960
37358929
37299570
37253348
37182752
37150637
37091306
37071314
37049567
37023242
36990163
36933838
36930293
36896674
36812896
36790470
36580074
36575923
36417046
36239741
36227903
36142492
36054621
35994082
35933132
35933128
35907259
35768889
35758574
35466449
35460343
35407771
35377774
35339144
35182128
35146503
35020286
35011055
34980366
34959915
34959822
34919038
34799357
34741740
34725619
34699268
34637114
34633489
34617625
34508834
34504775
34430384
34429244
34193455
34139759
34069381
34045136
34011079
33909280
33881242
33872340
33796889
33756016
33747782
33666947
33656135
33637013
33599907
33597314
33582830
33565045
33522409
33459627
33424334
33150500
33112267
32981831
32886188
32867898
32797778
32790029
32652950
32583691
32583442
32533994
32531542
32467092
32429374
32398610
32388721
32330575
32272593
32271147
32266417
32183500
32163150
32122927
32068201
32004561
31969755
31909991
31901626
31821087
31806292
31746327
31724559
31714803
31680267
31643038
31603560
31496133
31449775
31441126
31416104
31387688
31368343
31348529
31311164
31270538
31201397
31182347
31137803
31063613
30801749
30696888
30677034
30592904
30568435
30566003
30528095
30508901
30461612
30403379
30234237
30213095
30180273
30177386
30131404
30120565
30104094
30056401
30035444
30034398
29894322
29786466
29730204
29677309
29634128
29633734
29562593
29524246
29457024
29454539
29442351
29440373
29360069
29357555
29319486
29317227
29277881
29242376
29211748
29202723
29169584
29154708
29143884
29095693
28993435
28920798
28857066
28810891
28783796
28777746
28725977
28603912
28576907
28556535
28522130
28448530
28350929
28233226
28220601
28215360
28056318
27979327
27979238
27771724
27761590
27751460
27730307
27717860
27673722
27604776
27573100
27540249
27488444
27475231
27416622
27384692
27364820
27349612
27281259
27231922
27219042
27152294
27068369
26959969
26788229
26764418
26707509
26646938
26645870
26614109
26573808
26475943
26473773
26454353
26239907
26210527
26176729
26150027
26075752
26070169
26050120
26005791
25963767
25862324
25856469
25855777
25850790
25820293
25733263
27617113
25708797
25465849
25383321
25381572
25300274
25290538
25229560
25228457
25218780
25188231
26816771
25131309
25114781
25105843
25091136
25055352
25035042
25015593
24953955
24937025
24859445
24840592
24773381
24768833
24707464
24699029
24696006
24606099
26955544
24573387
24519664
24518789
24471378
24445125
24414552
24413722
24298597
24291440
24216251
24118610
24081735
24047916
24002043
23996736
23926184
23880796
23829128
23743991
23732207
23689153
23662707
23608531
23593802
23556900
23535174
23532904
23505728
23452804
23439376
23392537
23386641
23329464
23326796
23247537
23212561
23208074
23137489
23133865
23106065
23101150
23097817
22967041
22928486
22786865
22742607
22666789
28517657
22626627
22608801
22578827
22554593
22497558
22496496
22484261
22480460
22480038
22463076
22456619
22443440
22431675
22425107
22425103
22341269
22290773
22238202
22233923
22222299
23595094
22184690
22112288
21960228
21908029
21856593
21703942
21633076
21575973
21525191
21515113
21497710
21459531
21443983
21441130
21391975
21338551
21333920
21289325
21170889
21170875
21269587
21257370
21173898
21143023
21124301
21063699
20967439
20927179
20728108
20708780
20678047
20630796
20625894
20565345
20510120
20482703
20442411
22254038
20306476
20171692
20144971
20124262
20120412
20094706
22767476
21534441
20018350
19820135
25949357
19762051
19626931
19482647
19454361
19447047
19339514
19333626
19326108
19321253
19287339
19210239
20355749
19118878
19075192
19059808
19058382
19035501
18939450
18845701
18689658
18398019
18385376
18359393
18291694
18291308
18278757
18238910
18210126
18187353
18088161
18064405
18046318
18036056
17976258
17922267
17711092
17660162
17629875
17617937
17604750
17584621
17494450
17487123
17405659
17286236
17237984
17234036
17215441
17201824
17190101
17184967
17162335
17161516
17117294
17106282
17059989
16941950
16909703
16903938
16903811
16809257
16775455
16772203
16766550
16753387
16723622
16705467
16682705
16632016
16612414
16595819
16557225
16528260
16498282
16485663
16481635
16438250
16357816
16249202
16221228
16206722
16129205
16078084
16047539
16043039
16013013
16003533
15951854
15947165
15916110
15860912
15815943
15780355
15725936
15706976
15703966
15698445
15677531
15632477
15589306
15579526
15572425
15569332
15508795
15501150
15499216
15491743
15311008
15273059
15251658
15232796
15196365
15193974
15153567
15133330
15111375
15086924
15084342
15032013
15015063
15002673
14758463
14758448
14749747
14729153
14700520
14670550
14552081
12957883
12858818
12801461
12753307
12716680
12692447
12677721
12674322
12636048
12631132
12612169
12563622
12549788
12544291
12544289
12544288
12544077
12474645
12474644
12474643
12474639
12474069
12430973
12411726
12372764
12235010
12187193
12182056
12144200
12119474
12110000
12101206
12100915
12067826
12053806
12046257
12045831
12042901
12030263
12030262
12024003
12010610
12004834
11994852
11836046
11791774
11784880
11784873
11784872
11721154
11715639
11697365
11641806
11465241
11446874
11393368
11382681
11333475
11316240
11314470
11285998
11271790
11269613
11256879
11251520
11249528
11224695
11215221
10751889
11135080
11135054
11040869
10982163
10982140
10968683
10959618
10919963
10835901
10759651
10757268
10756693
10705190
10658250
11113729
10607782
10511317
10485987
10468751
10436406
10424393
10421883
10420035
10417956
10412964
10412865
10397070
10367029
10360498
10360451
10325933
10210370
10195856
10083632
10029472
10028154
9987984
9933846
9893132
9883245
9883212
9879200
9873217
9836542
9820450
9780747
9768019
9768017
9725780
9717625
9698669
9689159
9646551
9607446
9604033
9543376
9509684
9508013
9497595
9491516
9475687
9474119
9382410
9356538
9337641
9335385
9211675
15251796
9385591
9368965
9217669
9208285
9092322
9092314
9067914
9067894
9062533
9387129
9155211
9096270
8972070
9333540
8969990
8932976
8837543
8773636
8801073
8811516
8661982
8659482
8735514
8731119
8967338
8703705
8644389
8992866
8712860
8632109
9813631
9064564
8854076
8773335
8770968
8571096
8808216
8569136
7551873
7481886
8535457
7474888
7632514
7660555
7792536
7752487
7603030
7786636
8819888
8559479
7604459
7572410
7996261
7985666
7873747
8092096
7998690
7871700
7844968
8074077
7994936
7953257
8015062
7984788
8090373
7939230
8037000
8119115
8131343
8308580
8291986
8009230
8210214
8198380
8196579
7881470
7800206
7783704
7783699
7783697
8293351
8292846
8223221
8295783
8266883
8227883
8279215
8261907
8377683
8360790
8215570
8146611
8146605
8332169
8332168
8335871
8326599
8298515
8358642
8346150
8473230
8441433
8441427
8316807
7926397
8426393
8500822
8444209
8433868
8433558
8429802
8413788
8249230
8201935
8164620
8145883
1476317
1456855
1507355
1435827
1435821
1516594
1325325
1612792
1449353
1516348
1340758
1315433
1626243
1576767
10765157
1310430
1630550
1593849
1546578
1541059
1482031
1463139
1310550
1787193
1942285
1779310
1658277
1760767
1653079
1895677
2059677
1648554
2008910
2008901
2013015
2048429
2022221
1959354
1945663
1804876
1756523
1659017
2100085
2398569
2167460
2394761
2372668
2342165
2325571
2133154
2159577
2367834
2156368
2155899
2316066
2291248
2291246
2219567
2104775
2100420
2089252
2632723
2618907
2554268
2782067
2736812
2723831
2926870
2927936
2740653
2718293
2743388
2913343
2922895
2910576
2774811
2592778
2548072
2469955
3183056
3177335
3177273
3070898
2851787
3054703
3227555
3199675
3414594
2847130
3177135
3070796
3134570
3279769
3221600
3130259
3350466
3388639
3376359
3252961
3215261
3207083
3169073
2834655
3684379
3681480
3445858
3450591
3662388
3648068
3429138
3586158
3586136
3039478
3806295
3802829
3691117
3691116
3691114
3590427
3590402
3587474
3433579
2826076
3026299
3535212
3533640
3785940
3818182
3773469
3755867
3773322
3747347
3724459
3089775
3711720
3738224
3009752
3961456
3757655
3518204
3754596
3713083
33873884
3565158
3510312
3486511
4055988
4081344
4077485
3902755
3897161
16346854
4009825
3999848
4048562
3980960
3917595
2579619
4076267
3991572
3991571
3982578
3970165
3970077
3964883
3895012
3883830
3876804
6502277
6502276
6499773
6094846
6094046
6088813
6524482
6392285
6380301
6330548
6377922
6144904
6717506
6708211
6377665
6323773
6498433
6697641
6465961
6369025
6709212
6463459
6421355
6713874
6713870
6703454
6690634
6527717
6687143
6644890
6652545
6318522
6136651
6136646
6688308
6879885
6876264
6887696
6873052
6858403
6867630
6822241
6657662
6612236
6577581
6367121
7178877
6759686
7176047
7131093
6302159
7176331
7108643
7118558
6896403
16030852
7070035
7184145
7179614
7117348
6761630
6761462
6749417
6293043
6288323
6277190
7340778
7282750
7250387
6112596
7268964
6262362
6110990
7203956
6110070
7247320
7324300
7026160
6800972
6269860
7424948
6905773
7420575
7378125
6102651
7359627
7383443
7354401
7351360
7224494
7013442
385174
37442
478828
447088
380337
449913
465984
263139
457993
433806
535622
421710
228213
103668
682332
711406
17745108
207183
351267
651028
630804
629344
625456
72183
851899
831440
342176
76356
13357
790341
950692
786887
782240
986490
1015878
137562
1195480
1192433
51451
1162800
1154370
1117528
1079005
1096755
1233189
1229746
4438303
4422480
4428667
4371707
4367891
4846153
4610942
4611098
4808916
4458550
4706085
4758783
5086037
4648352
5054729
5052239
5072357
5047567
5040764
4215107
5071750
12523377
5129304
5090792
5577215
5542056
5548933
5539162
4921311
5491877
5510067
5471734
5460272
4315123
5442428
5262240
5514864
5514632
5494698
5362738
5808725
5381363
5820417
4978800
5252500
5765485
5407242
4309744
5750157
5692629
5656279
5690030
5689565
5624677
6046992
5603761
5589322
5596641
6052358
5589144
5982850
6008364
4287152
5841867
14314910
14346444
14334315
14313725
14343249
14343248
5841716
14273735
14245202
14261782
14264588
14264587
14256915
14330489
14325635
14253390
14252337
14212294
14236784
14236783
14236779
14212513
14236919
14206003
14203258
14177634
14177633
14172259
14172258
14146176
14141101
14140392
14130803
14185367
14132910
14129916
14129031
14123666
14177297
14128403
14298045
14113096
14101455
14084708
14129007
14077802
14102992
14079692
14061499
14100434
14097024
14073979
14078712
14061404
14046792
14086383
14066216
14076311
14023362
14032845
14013636
13930487
14095810
13928302
13968481
14014817
13963791
13928053
13903130
13866651
13924621
14489200
13880053
14461534
14013129
13866649
13888194
13762710
13726976
13726971
13733663
13701362
13835228
13841127
13841126
14410671
13808526
13673476
13673461
14431508
13654496
13629034
13615372
13602855
13584765
13563612
13561099
13591976
13536511
13599178
13514923
13514922
13513723
13507733
13635517
13598377
13506607
13488106
13461637
13482056
13485824
13417978
13410177
13451936
13529701
13469381
13380477
13290760
13281563
13334329
13272596
13264042
13293534
14395162
14390785
14364900
13209371
13174087
13192905
13120841
13091956
13103628
13031175
14950240
14911758
14934694
14858957
14932902
14807800
20285387
20278601
21005430
