42060186
41922820
41856685
41815850
41658835
41430982
20301460
41304577
41289431
41281334
41275096
41266248
41263018
41225843
40865267
40643700
40639110
40552331
40403294
40381012
40353475
40207156
40133804
40130101
40115864
40077750
39878587
39878424
39861409
39856399
39759588
39747809
39744798
39569571
39563640
39511062
39467494
39409592
39391374
39233272
39098372
39059059
39045404
39015956
38973885
38911445
38895531
38893505
38754184
38587605
38578155
38564076
38500054
38413462
38356385
38349794
38310502
38305434
38283477
38236079
38095544
37789450
37761859
37722335
37664702
37424574
37035014
36976362
36940601
36914980
36911630
36906146
36822396
26401545
36721621
36473810
36280842
36171781
36120391
35883738
35783349
35727272
35623490
35487667
35458586
35451393
35366572
35291895
35173870
35155530
34993217
34846629
34844241
34799357
34671671
34586705
34584990
34486059
34233027
34227626
34142146
34077704
34069886
35767665
33912831
33767134
33747490
33722190
33673687
33668681
33665830
33487249
33425972
33379176
33019829
33005455
32953876
32838081
32772326
32751493
32719990
32683655
32656979
32404636
32363926
32123972
32052229
31926516
31748360
31368343
31244328
31241882
31238921
31107310
31062848
30970488
30933658
30910370
30839039
30823426
34394797
30510713
30510476
30504042
30348642
30314464
30276648
30178451
32559940
30039387
29883396
29882267
29803667
29677892
29522710
29459009
31119995
20301742
29184229
29172104
29092737
28943597
28812165
28776297
28739328
28717544
28666155
28570781
28561635
28559607
28530571
28460910
28392511
28356078
28254292
28246885
28215360
28126627
28101713
28084501
27979327
27923505
27888536
27686059
27640761
27628804
27603372
29497551
27563225
27265723
27252711
27170339
27002809
26974482
26800766
26749160
26709049
26669356
26463139
26276277
26271145
25959623
25824242
25812044
25804778
25649028
25624230
25522935
25517271
25464283
25392345
25362620
25260453
25243392
24944785
26877960
24874306
24799240
24701646
24683365
24603624
24554217
24496844
24460843
24434393
24357239
24338046
24260377
24246669
24202300
24173698
24162642
24038064
24029326
23963064
23877085
23877084
23814275
23796398
23599041
23548555
23532904
23532416
23419349
23381657
23381591
27818757
23218245
23106569
23078147
22449520
22393895
23882371
22018661
21960230
21846329
21785726
21641227
21603151
21544885
21540102
21511266
21186694
21178234
21118527
21114977
20842915
20738223
20572061
20415438
20194922
20118367
20055850
19863045
19853993
19783342
19744786
19699709
19679672
19596397
19508366
19507407
19376730
19375123
19203961
19192191
19154961
22408532
19068782
18971870
18970562
18969936
18967902
18967780
18967283
18925528
18827578
18804624
18755640
18752686
18714631
18650406
18523430
18453438
22460996
22460989
18278757
18264917
18064446
18042297
18029374
17903351
17982511
17711092
17658328
17651072
17494450
32689360
32689359
17405659
17400466
17399681
17386797
23105666
17292445
17222174
17162335
17040957
17024039
16985597
23105640
16791397
16760903
16570523
16517636
16516183
16482864
16379336
16310370
16283326
16256148
16224041
16215066
16122881
16109077
16106391
16006254
15987848
15943369
15917184
15769175
15754276
15745503
15608627
15588704
15579526
15568291
15558527
15530460
15345202
15344571
15309947
15177102
15084088
15078256
15000301
14979088
14964390
14652214
14566692
14506632
14498993
12873711
12853785
12853784
12824256
12631089
12631085
12563623
12563622
12510321
12474721
12187193
12184744
12108671
12102541
12015098
11942324
11880108
11849621
11785935
11767164
11708455
11688655
11446874
11399920
11396734
11380831
11374580
11305651
11276634
11224695
11223695
11169031
11161021
11156699
11156698
11071450
11044231
11005203
10929425
10890885
10841663
10785221
10778468
10759651
10731019
10727845
10636575
11101234
10612061
10607782
10412498
10405169
10382555
10354297
10203369
10101920
10092181
10090119
9972286
9915895
9834925
9818798
9767367
9753872
9742955
9643443
9601081
9604817
9596469
9589801
9546690
9474811
9465597
9280180
9425753
9205597
9354965
9429689
9079746
9041545
8959621
8944686
18966569
8618271
8623000
8610664
8811726
9119628
7495252
8745347
8571492
7659699
7893726
7872331
7537554
8592630
7955374
7980244
8201656
7971785
8020468
8028424
8067538
8126804
8004235
8300347
8238559
8112761
8210886
8146605
8362676
8483236
8319549
8485862
8466151
8448873
8475780
8446234
8385333
8159311
1329973
1384622
1459650
1427965
1627032
1621677
1413575
1569652
1736401
1855295
1663741
2049851
1912391
1887825
2021806
1876286
1776871
1679108
1663724
2276961
2208705
2121500
2211912
2381271
2372930
2404326
2321046
2288050
2241985
2628785
2591053
2818286
2508054
2791276
2551541
2766549
2752249
2743578
2918951
2914408
2910576
2782205
2739830
2596081
2516611
2507711
2505148
3404640
3130692
3404089
2831649
3376811
3336088
3140104
3132636
3071383
3448918
3665051
3423597
3594848
3594836
3661346
3594912
3599006
2435146
3815818
3559863
3828268
3802507
3560789
3672661
3453616
3812476
3802587
3762602
3959252
3087087
3943193
3943224
3727218
3727217
4056038
3930094
4069036
4028414
4037668
3864430
3994472
3987055
3886558
3158497
3971246
4024610
3974772
3859955
6476652
6100075
6465722
6744582
6489043
6422817
6500850
6662594
6416068
6364356
6844178
6299793
6863023
6831702
6848254
6845567
6673575
6628476
7164603
7144626
7129927
7129916
7304481
7276555
7248697
16435481
16661719
7211731
7324300
7006092
7193239
7374249
7423675
7371664
6937989
388147
231424
36161
155357
714136
101482
18962278
660307
634328
16660342
605220
202212
416499
903216
889894
873737
576314
920247
556987
1259282
135408
54776
54676
1240766
946
1157307
16659288
1140892
806459
1089817
1112747
1117414
1209393
4845764
4131221
4204455
4128747
4724267
4580090
4576881
4124273
4345812
5043534
5539469
4392557
5374520
4883922
16742501
5944381
5840978
14339051
14170789
14063425
14046792
13868764
13691672
14410671
13134331
