42435057
42432543
42429692
42417297
42413661
42404339
42391860
42389475
42377652
42372623
42367414
42366346
42336710
42334005
42325508
42323684
42306171
42303801
42293210
42256055
42254230
42245902
42242548
42227095
42223909
42219118
42210402
42199063
42194937
42185478
42182979
42179806
42167834
42166177
42164543
42146312
42145024
42138629
42125168
42109939
42078257
42045936
42017099
42006526
41978147
41970791
41961012
41950523
41940240
41938302
41937656
41928887
41907687
41897332
41891992
41887370
41878601
25905352
41828612
41812258
41808807
41779960
41769525
41767373
41765491
41760146
41758568
41756473
41752149
41746376
41732805
41726364
41725341
41712246
41779888
41683299
41676834
41658645
41646626
41645214
41641290
41640145
41638010
41635392
41602256
41601892
41599821
41582568
41562276
41541626
41527474
41519045
41517371
41515987
41509939
41501259
41499143
41494715
41479833
41479700
41478242
41476763
41473792
41451661
41430982
41427056
41403548
41393666
41377247
41377203
41362524
41360868
41356631
41356536
41338562
41327588
41324220
41301518
41293386
41287694
41268136
41246315
41245397
41233715
41229713
41219595
41219559
41216250
41179273
41179272
41175359
41166079
41164167
41163646
41150620
41149617
41148777
41137448
41100446
41098169
41096103
41080387
41076359
41063871
41024908
41022651
41009532
41006934
41001862
40995702
40995255
40993781
40981138
40970490
40956444
30000755
40924792
40924491
40917505
40911613
40891477
40886613
40865992
40852855
40852537
40851725
40837342
40820604
40814531
40810147
40794165
40793971
40775686
29465932
40757212
40755097
40746916
40728426
40710544
40699338
40690933
40666157
40637630
40630911
40621263
40616189
40602156
40583089
40581321
40575213
40551948
40551736
40550180
40549261
25905172
40499784
40486414
40485009
40471524
40468583
40467506
40467474
40466630
40446866
40438858
40438830
40433721
40395263
40384348
40362670
40353475
40342440
40306476
40305356
40290309
40275575
40270059
40268403
40256359
40186044
40159067
40151587
40150828
40148037
20301329
40134958
40128910
40110605
40110571
40089990
40089881
40078705
40078581
40064426
40042788
39971300
39969362
39963179
39956606
39940323
39939699
39938446
39931063
39926576
39920032
39909453
39906031
39905273
39893280
39886277
39868552
39868447
39867143
39854805
39854758
39851484
39839473
39836479
39830969
39827488
39818292
39818287
39818286
39777136
39775139
39770528
39770462
39768792
39752564
39747809
39724622
39703927
39697923
39688907
39687707
39677199
39665874
39636417
39620192
39614876
39611185
39607645
39586905
39549930
39546021
39518465
39515508
39478762
39471501
39452123
39448907
39441265
39438361
39395096
25905396
39385466
39346653
39337491
39333152
39267608
39273035
39238943
39234001
39221490
39189912
39179106
39172578
39140026
39138889
39109312
39100812
39077939
39064694
39040613
39002024
38999413
38928329
38928056
38922369
38910736
38892509
38892507
38886300
38854129
38842659
38841703
38825342
38825340
38825339
38820324
38814276
38787821
38785958
38785059
38784190
38780860
38779795
38765596
38765587
38753084
38733306
38723841
38721043
38715997
38706116
38702222
38691316
38687221
38666285
38665051
38655381
38638336
38623131
38615411
38606357
38589121
38577726
38577520
38572533
38564076
38544324
38539018
38532850
38514643
38504242
38489132
38471485
38460072
32310427
38421704
38404648
38397979
28722928
38370073
38364990
38339178
38329607
38315019
38292973
38284694
38283849
38263697
38262401
38253933
38228453
38217683
38214845
38194188
38173385
38169967
38156538
38155125
38143927
38133239
22319799
38089854
38089624
38059187
38046423
38045675
38033482
38032457
38028332
38015778
38007710
38000970
37985504
37981554
37964965
37950553
37929406
37925259
37922091
37909006
37908582
37908277
37904427
37902011
37900460
37897673
37857823
37854198
28613662
37791799
37790033
37789450
37768904
20301744
37701149
37685345
37680384
37670819
37664318
37657020
37571414
37560461
37560437
37521858
37510860
37509698
37505607
37504440
37497207
37493045
37491126
37487472
31082167
37481570
37465813
37465121
37449352
37448271
37424606
37415038
37406383
37404402
37402617
37380191
37368695
37358380
37356648
37352941
37324304
37321475
37314254
37311769
37304381
31869067
37289341
37288292
37280532
37272827
37264371
37251673
37244046
37242266
37238410
37235771
37228984
37227595
37223179
37221021
32491799
37204454
37193464
37192500
37182752
37160650
37125397
37122518
37091306
37090466
37089759
37067832
37064639
37062190
37049567
20301427
37023242
37007314
40046141
36990163
36959633
36929458
36914227
36912306
36906146
36893024
36866789
36865011
36862513
36853379
36834927
36799782
36780048
36764749
36747270
36745886
36744416
36703897
36694870
36672957
36654561
36645022
36644693
36626889
36625425
36618516
36597278
36547775
36546344
36542221
36529089
36475338
36475333
36457632
36453734
36450225
36385517
36382756
36382755
36382754
36382753
36373331
36373327
36368937
36364809
36339511
36336861
36284286
36282253
36264042
36232221
36227295
36221396
36212247
36210014
36189140
36174848
36156733
36149043
36145244
36142318
36137195
36118750
36056538
36054621
36053960
36049598
36030768
36002290
35994179
35983775
35979902
35975961
35965075
35956396
35942826
35934687
35930049
35918192
35908594
35908214
35907259
35903083
35893866
35879818
35871513
35867995
35857272
35811576
35807756
35779232
35775886
35774751
35768889
35757138
35745247
35727272
35720781
35711860
35710560
35677002
35663378
35642124
35637176
35627973
35601882
35598638
35592510
35571347
35569070
35546405
35528823
35516667
35513519
35510507
35504549
35489873
35485826
35485213
35481321
35460461
35458625
35458212
35458137
35437440
35427363
35420658
35414099
35386604
35352189
35352187
35351141
35348900
35338393
35306980
35289573
35282483
35250859
35217631
35196139
35194247
35186529
35182287
35178365
35158381
35154010
35148281
35145798
35140313
35118447
35111955
35105698
35053217
35049000
35041084
35039190
35031425
35023113
35018763
35014613
35008598
35002563
34984624
34977081
34969941
34959982
34959915
34950834
34934453
34931708
34925568
34921974
34868895
34858904
34857184
34836241
34827108
34799357
34786338
34774245
34774244
34774236
34761480
34757214
34751387
34736428
34735369
34721296
34711410
34703961
34693265
34684395
34676063
34669929
34666334
34662328
34637114
34628889
34606401
34595571
34581546
34569760
34559066
34551392
34536116
34515963
34515170
34513354
34504307
34496802
34490396
34489112
34486059
34479496
34454745
34438789
34436840
34435736
34421819
34392411
34388585
34373793
34357109
34340905
34337905
34337279
34334547
34329484
34322901
34322336
34320639
34320495
34307984
34278997
34266398
34258083
34250197
34249532
34240162
34230999
34209964
34199124
34193455
34181835
34173940
34160437
34160414
34145863
34144922
34139759
34137710
36286834
34125233
34103212
34095488
34095485
34095466
34093441
34083750
34076308
35767665
34058157
34050047
34049174
34019450
33994379
33967082
33956883
33944830
33918966
33910705
33893820
33881242
33856702
33847712
33847196
33842126
33837680
33833284
33818937
33794867
33791128
33900706
33765230
33764322
33759301
33757126
33752899
33744642
33731995
33717430
33716964
33734657
33710361
33706075
33704680
33680598
33671896
33671780
33666947
33662191
33659946
33652905
33616655
33614397
33599907
33565715
33553990
33552436
33522946
33516786
33506158
33500669
33499837
33486471
33484857
33483193
33481363
33478397
33461896
33453021
33448317
33429815
33416513
33398781
33381963
33367869
33316222
33305842
33289915
33288743
33273938
33269571
33249478
33232838
33210066
33200827
33194137
33186763
33178509
33169863
33150500
33132307
33128574
33128421
33112267
33110622
33099630
33094630
33053816
33043270
33030138
33008295
35782986
32987399
32984528
32984210
32968380
32967050
32956997
32931047
32910219
32886188
32882734
32879216
32867898
32866123
32857334
32852547
32844041
32829600
32829183
32825353
32819231
32809289
32798504
32796238
32792004
32779690
32777855
32777848
32774126
32770972
32765831
32743688
32732790
32710267
32698126
32684163
32660376
32652950
32650740
32632908
32617522
32593617
32580697
32564464
32554826
32552312
32537548
32533118
32493273
32470067
32403152
32398610
32386861
32375123
32367310
32367158
32366390
32354174
32346382
32340747
32330575
32322939
32320694
32303315
32276660
32272593
32271382
32266417
32259788
32258968
32252964
32236871
32222584
32219087
32212572
32173037
32161840
32161591
32140595
32134730
32129057
32124267
32123972
32072184
32063763
32036848
32032687
32025531
32007562
32001361
31998760
31996592
31993563
31971357
31968342
31967061
31955178
31950134
31935940
31935317
31910762
31886038
31881310
31873802
31849003
31841590
31832402
31826272
31824158
31822280
31821087
31789978
31782950
31751313
31746327
31729369
31718265
31706616
31703120
31696245
31687644
31680267
31675257
31667620
31660939
31656304
31641640
31628396
31607113
31605425
31599133
31595783
31585781
31582619
31581312
31573878
31559266
31535706
31515573
31475947
31470765
31467367
31461701
31455490
31449775
31423747
31419274
31416104
31387688
33564447
31368343
31366605
31354380
31352694
31348529
31310310
31291476
31288237
31285382
31281762
31281716
31276850
31257672
31240503
31240092
31236621
31215071
31212049
31201925
31188746
31182347
31167584
31161518
31160051
31149304
31122608
31096181
31089432
31087185
31086686
31025400
31019920
31005969
30978416
30964526
30943683
30943678
30943676
30939386
30927339
30918141
30917564
30916764
30916167
30909788
30903750
30898175
33536826
30892756
30886984
30851716
30851715
30851134
30845174
30843501
30838830
30830987
30820485
30811012
30804890
30801749
30798331
30796860
30792578
30791717
30777118
30766814
30755423
30742686
30736974
30735332
30729229
30729052
30713296
30701705
30691727
30665549
30654110
30648951
30641526
30633617
30632117
30627599
30626090
30624670
30624424
30618176
30611910
30611908
30608544
32270974
30595565
30591926
30581345
30579121
30576591
30575362
30573171
30568149
30562554
30561398
30559940
30554233
30553931
30553018
30552064
30529281
30508901
30482008
30477754
30476591
30467494
30467015
30461612
30460525
30454743
30449546
30449545
30449543
30444723
30430523
30423445
30419769
30415629
30409184
30407920
30400864
30397242
30396880
30396209
30383486
30382318
30374002
30365667
30358533
30358476
30350999
30350311
30348109
30340351
30328270
30317121
30306783
30305815
30300686
30299542
30298663
30294301
30290590
30283895
30261328
30243992
30234237
30227399
30220675
30213095
30206511
30196795
30193216
30180273
30139819
30136085
30131404
30120219
30118832
30109410
30109232
30104880
30089075
31650112
32626014
30062716
30060226
30058895
30056901
30056401
30042334
30037036
30034905
29977226
29970059
29959532
29939320
29933504
29926935
29926136
29905968
29902012
29882003
29875967
29848235
29809158
29786188
29782992
29763933
29757578
29755405
29719203
29717985
29709532
29677309
29677308
29668762
29668535
29664757
29633734
29614098
30212061
29601566
29574006
29562593
29552709
29539911
29533937
29532248
29523679
29523143
29520723
29517453
29516386
29515772
29476878
29470705
29457024
29457022
29442351
29440923
29440373
29407979
29400579
29392411
29391823
29376607
29366826
29361495
29360069
29344035
29342320
29319776
29317227
32476902
32476896
29285441
29281760
29275531
29266368
29264783
29263720
29243851
29234503
22876375
29179855
29171476
29169584
29124435
29104158
29102624
29085969
29080636
29076678
29076379
29075541
29075077
29074836
29074825
29069246
29067991
29036958
29030554
29021995
29017699
28993435
28977163
28939209
28938410
28914984
28913556
28893306
28887454
28879535
28874334
28870263
28857066
28847749
28845932
28841848
28841060
28838765
28835982
28835974
28818584
28816531
28815356
28814738
28812111
28806048
28801091
28770447
28764845
28748897
28748100
28740531
28734988
28732535
28725977
28711370
28707190
28690912
28676263
28669007
28660378
28651829
28647736
28598871
28591703
28571792
28553597
28551925
28522130
28516132
28509133
28491855
28488045
28476174
28470390
28458767
28457397
28456639
28451877
28448545
28433267
28388389
28384437
28384436
28378123
28371408
28357106
28350929
28346988
28346348
28345770
28336826
28336823
28335477
28332096
28324108
28324001
28323225
28304097
28301430
28294593
28275812
28247721
28233226
28216084
28215360
28208537
28183335
28174131
28152538
28139295
28138323
28122587
28120456
28109821
28098117
28093352
28088187
28077342
28057913
28056318
29624220
28033603
28019683
28012936
28001186
27998296
27993822
27989797
27988049
27981393
27981376
27979327
27933172
27932479
27919743
27915991
27910985
27861708
27852903
27845148
27832822
27827962
27822674
27819765
27818277
27813709
29341554
27798933
27765695
27761590
27756436
27105398
27743385
27737389
27737388
27730083
27726929
27719737
27710917
27699492
27692178
27689826
27686437
27683282
27683096
27650228
27648348
27639704
27639591
27604776
27595415
27588937
27571860
27561346
27545576
27544370
27540249
27539983
27537712
27529229
27525132
27515154
27484042
27480553
27478669
27475231
27456232
27422380
27399677
27394135
27366711
27364820
29244912
27358053
27335601
27333923
27321871
27319230
27277007
27259026
27254816
27252747
27243456
27219042
27208626
27170690
27150561
27144931
27129455
27114973
27096733
27095608
27093967
27084188
27076675
27071359
27060335
27053725
27038806
27033542
27030241
27018622
27011794
27006125
26995293
26964622
26962842
26958681
26945655
26932179
26913455
26908119
26908058
26893577
26887716
26862282
26858923
26857709
26832845
26827962
26827951
26822333
26817427
26812502
26788229
26786573
26783013
26764418
26757660
26751835
26748501
26731879
26722650
28981237
26718757
26713296
26702005
26681795
26678919
26665756
26664216
26656443
26651490
26646938
26646324
26612442
26604950
26597827
26596315
26566277
26562542
26538435
26529808
26501157
26499069
26496000
26494294
26489816
26476188
26473773
26466702
26458388
26439891
26436186
26429396
26424141
26402335
26385607
26365556
26365555
26353168
26333294
26332888
26331695
26323021
26318020
26309458
26304832
26282787
26275878
26273343
26261924
26260259
26251716
26239247
26235988
26214117
26213135
26204641
26203600
26196949
26196201
26180775
26178536
26177893
26177089
26170242
26154099
26141804
26120794
26117226
26107257
26101370
26097993
26088734
26082755
26079779
26075752
26056016
26052568
26050120
26047794
26035535
26019888
26005829
25967373
25955226
25939935
25931412
25929192
25926120
25918960
25918194
25904755
25902600
25899914
25882890
25882889
25864390
25861231
25853371
25851292
25829877
25823394
25817872
25817102
25815174
25770692
25761176
25736620
25716816
25716814
25709002
25708797
25707454
25657969
25636720
25635597
25634043
25625663
25623233
25617920
25581744
25567344
28480224
29159104
25524023
25511115
25503527
25500439
25498384
25486938
25486937
25468832
25451359
25446019
25445916
25443637
25432490
25432361
25429226
25423010
25412565
25408808
25408797
25382402
25375986
25372709
25364677
25363733
25354045
25342294
25325919
25303492
25302279
25296334
25290538
25262147
25236584
25231816
25218143
25214398
25209679
25205139
25203945
25194629
25188737
25185884
25183235
26816771
25166268
25166047
25162668
25162666
25160018
25158579
25149065
25138634
25129320
25114781
25110209
25107568
25101193
25068308
25060549
25055352
25051494
25048492
25039913
25035042
25029424
25028285
25013124
25003934
25000366
24986793
24985952
24970869
24969200
24959180
24953955
24945552
24937546
24937025
24924704
24865943
24864141
24856872
24828935
24825262
24818006
24807677
24803230
24795826
24773565
24772087
24763863
24763728
24754474
24753153
24745821
24729692
24721620
24703459
24700880
24681400
24670344
24670084
24663253
24657333
24655357
24640279
24625940
24625906
24619898
24606099
24597598
24577495
27957035
24573387
24573222
24571630
24569459
24553430
24527717
24522045
24519772
24518185
24517148
24510320
24498793
24481706
24468523
24457409
24456284
24445125
24430951
24429202
24428838
24423361
24414552
24401754
24386512
24384877
24382124
30743737
25726247
24379038
24371450
24369280
24368437
24365349
24350602
24350522
24347506
24316531
24311400
24311305
24298597
24298009
24292755
24288027
24285686
24274889
24259279
24253367
24251155
24246340
24241361
24235083
24216707
24190699
24175086
24141524
24135137
24134366
24131674
24119541
24114897
24108314
24101867
24093218
24081735
24072092
24071882
24064686
24060611
24049278
24047916
24044969
24038141
24037880
24035340
24025505
24013983
24008240
23997241
23990260
23988791
23979953
23966755
23960343
23954961
23944728
23934639
23926184
23926179
23903802
23880796
23863465
23845267
23823648
23816746
23809192
23796485
23796398
23788554
23787544
23783096
23775785
23768816
23767916
23764372
23760489
23753930
23753093
23749205
23748070
23739765
23736839
23735901
23735861
23735149
23723390
23713877
23713876
23713873
23712072
23707628
23689153
23689144
23670708
23666418
23664686
23661240
23649554
23635416
23632722
23627982
23626678
23623780
23621417
23608531
23603995
23601186
23586508
23595003
23591291
23587190
23565451
23565450
23564710
23564348
23549173
23548814
23530511
23527844
23514414
23509710
23493381
23485413
23482056
23470222
23465503
23453720
23453218
31435469
23435876
23427364
23415385
23415381
23409426
23404201
23396467
23395257
23388458
23386641
23374739
23371047
23364499
23360827
23344574
23337136
23335089
23334987
23326796
23314564
23307906
23304196
23293122
23283989
25340136
23268928
23268736
23247537
23245530
23239833
23234786
23229654
23226658
23225281
23225028
23208074
23202962
23199831
23198458
23187072
23186957
23186949
23185165
23174258
23162103
23157238
23154110
23150677
23142866
23131462
23106065
23102732
23094916
23091930
23087723
23074704
23069843
23069645
23064567
23064199
23038681
23023628
23015268
23001465
22989152
22981408
22976269
22969249
22962426
22956305
22955801
22939886
22933864
22933541
22921424
22913166
22879438
22874110
22869509
22863286
22840059
22839442
22826146
22806288
22803518
22800939
22797622
22790148
22778177
22754549
22750941
22745247
22740316
22736772
22734293
22730513
24175195
22716497
22698470
22696892
22689201
22682837
22670054
22654467
22652729
22639294
22620673
22615584
22613271
22589201
22571194
22570958
22569596
22555482
22552038
22551880
22547939
22544915
22535262
22516362
22509304
22496496
22493603
22481164
22473131
22470872
23933701
22462038
22461833
22457201
22456619
22439169
22431675
22426357
22422535
22413579
22412034
22399586
22396161
22392954
22387237
22367922
22361283
22337913
22337679
22319626
22312092
22311174
22293059
22258667
22251708
22251408
22232355
22230271
22223607
22213324
23480759
22201103
22191725
22189812
22184690
22174173
22173046
22155466
22137721
22116536
22114830
22114117
22112808
22108173
22103655
22101574
22100522
22099822
22089066
22084796
22073844
22058357
22052469
22048057
22047572
22047571
22043417
22035763
22035476
22028071
22013107
22008767
21993105
21962855
21960230
21955861
21932692
21917864
21917555
21902297
21897221
21896668
21888924
21885174
21881813
21876304
21861107
21856593
21851468
21848793
21842336
21832981
21832979
21814771
21803404
21794717
21784056
21780556
21773992
21762013
21760475
21756237
21756230
24900339
21750312
21743287
21741337
21739210
21735509
21735411
21723154
21707782
21675912
21667092
21645025
21633076
21603158
21596374
21568694
21568230
21554143
21552398
21544866
21543027
21525191
21468203
21446098
21443983
21443793
21431899
21430919
21429060
21414853
21402056
21391975
21342251
21333920
21325790
21318047
21310873
21310707
21291397
21277266
21252794
21243337
21223484
21207011
22879791
21188640
21179201
21173898
21161195
21158674
21143903
21124301
21123442
21121929
21115011
21109708
21106715
21103682
21099366
21088475
21079532
21072288
21034470
20671742
20972694
20967888
20965147
20962745
20954138
20936403
20883026
28845216
20877152
20876671
20850575
20832532
20830325
20827552
20826060
20823895
20814200
20811335
20808673
20802446
20795936
20728596
20728085
20688626
20687218
20684247
20683565
20681031
20679997
20678047
20661623
20651168
20614473
20606478
20605729
20591973
20578617
20578589
20572835
20565345
20553254
20542050
20535127
20534247
20515399
20510722
20507648
20501971
20501888
20496263
20490785
20485190
20453404
20437396
20427501
20422225
20413609
20411052
20398763
20398752
20394945
20385276
20369725
23105897
20350569
20339297
20335794
20306476
20303456
20213134
20200933
20200930
20197420
20181799
20166215
20163845
20130093
20120412
20089499
22870435
20094706
20071158
20068444
20067903
22767476
21391355
20020207
20018354
19960185
19932845
19929616
19920016
19918472
19887834
19866452
19857741
19856155
19845825
19797241
19789155
19778452
19756348
19731978
19729890
19715929
19715856
19713312
19709135
19708981
19668299
19667153
19667150
19660988
19627756
19625241
19610135
19604241
19593233
19560849
19546862
19539796
19506025
19473635
19396601
19389005
19387860
19379176
19371802
19365180
19364692
19364661
19356379
19339514
19329829
19308266
19299893
19295198
19282478
19281738
19261823
19255965
19244376
19236804
19232403
19232159
19229819
19210860
19193909
19189661
19185560
19184607
19182359
19180873
19179490
19160242
19153549
19138995
19129318
19121771
19118046
19117833
19117033
19095601
19056871
19046703
19035501
19034311
19032524
19018742
19013526
18988701
18996815
18986017
18979152
24410609
18955450
18924509
18854401
18854395
18854204
18852532
18852491
18846900
18836558
18552242
18799088
18795378
18787045
18775977
18724068
18703565
18698244
18689981
18689407
18689406
18671457
18651865
18633606
18627265
18619854
20142919
18559800
18554710
18541590
18538838
18528779
18523928
18296322
18488888
18488865
18486714
18474231
18463168
22460996
22460994
22460991
18436082
18421544
18398019
18397683
18393917
18385529
18377338
23105735
18365253
18363123
18359393
18348699
18290725
18290710
18343451
18336098
18312161
18302509
18293139
18291308
18278757
18276610
18271845
18264917
18246349
18242158
18238746
18238737
18231957
18209441
18205042
18203012
18202761
18194938
18187872
18183797
18180267
18175873
18175872
18173537
18088161
18087055
18063076
18058622
18057664
17551278
18046581
18036039
17968303
17964238
17943325
17942777
17931839
17914251
17879212
17875655
17850211
17823429
17768093
17710231
17685088
17680631
17661832
17660614
17653124
17628009
17627525
17622742
17609307
17605511
17604458
17587727
17584621
17579046
17544176
17533024
17520689
17509313
17506301
17506300
17498002
17497478
17490933
17480179
17473068
17457014
17444814
17435416
17419705
17401495
17393118
17381533
17374088
17373204
17368190
17368185
17347960
17342698
17339618
17317832
17315511
17297531
17286236
17285294
17237840
17237623
17229665
17229018
17228173
17227802
17224271
17220548
17216477
17211096
17207993
17207311
17202729
17199862
17197169
17196157
24790352
17188588
17186842
17175318
17172086
17172078
17164314
17157547
17145139
17142993
17142929
17136683
17123805
17106282
17086935
17071205
17070129
17066293
17062838
17048195
17022753
17022605
17014507
17012263
17002928
17002490
16968578
16941029
16939409
16939184
16932453
16932300
16931226
16930144
16911189
16901802
16900383
16892004
16886675
16886663
16886662
16869807
16848744
16848742
16837920
16820797
16817378
16817375
16816476
16794368
16792143
16792136
16775455
16775454
16775452
16774057
16772203
16769264
16767525
16766550
16762403
16740430
16730623
16729367
16724661
16724654
16723622
16709005
16696744
16690471
16680461
16680258
16679628
16672909
16670929
16648549
16611718
16601920
16598750
16567265
16562591
16553577
16547070
16543714
16538974
16538874
16528410
16526260
16525749
16524863
16507374
30754136
16496289
16481635
16475927
16441824
16433484
16431255
16404562
16397775
16397353
16395705
16394581
16392720
24790333
24790329
16374396
16368445
16361554
16358233
16357816
16352682
16336579
16322670
16322669
16305106
16282676
16280049
16278401
16276266
16272638
16272637
16259866
16247644
16225361
16214919
16207698
16200170
16191496
16183034
16164982
16164647
16161961
16160737
16160732
16159932
16158612
16148038
16142849
16142847
16140692
16131579
16114785
16114020
16111885
16109140
16109136
16101412
16101324
16101159
16093981
16088954
16081281
16078084
16076380
16076355
16076353
16076350
16055933
16055326
16048257
16039115
16033734
16022632
16006300
15992330
15979519
15977462
15976027
15972580
15954947
15934970
15930720
15928596
15913539
15901974
15898824
15897641
15891568
15887857
15887855
15878826
15876740
15865246
15856322
15841142
15838626
15834294
15832485
15831076
15828958
15828903
15827271
15816543
15809508
15807187
15799027
15794928
15788476
15786402
15781479
15775615
15775444
15775413
15775365
15775360
15775357
15775356
15775263
15775171
15775166
15775100
15769903
15752294
15747448
15746989
15741702
15735395
15698586
15696436
15695854
15690188
15685444
15671562
15663548
15658548
15644400
15638403
15632477
15619040
15606372
15599334
15588433
15587507
15579526
15577116
15577043
15576951
15575909
15575312
15572425
15559962
15517486
15508795
15505994
15504568
15491743
15481852
15472882
15472480
15472188
15466114
15452689
15370259
15364785
15364716
15364368
15362957
15354986
15350484
15334367
15331405
15328717
15327412
15277981
15266665
15262455
15260008
15251676
15251658
15249924
15232793
15225831
15225830
15225754
15221207
15214299
15213319
15205858
15197973
15197002
15183074
15155545
15151264
15142653
15141345
15138529
15133327
15125031
15112179
15095538
15086935
15084771
15077029
15071126
15050902
15050197
15044710
15044057
15026558
15012693
14999528
14996514
14981639
14980026
14973216
14971278
14871169
14769521
14767764
14763069
14763068
14749681
14742320
14736022
14729578
14728632
14722391
14717945
14715479
14714959
14696811
14689084
14684937
14679186
14670552
14670550
14656762
14655691
14619976
14602772
14594170
14586212
14569164
14557434
14520592
14519629
14513268
14511659
14509326
14503802
12970289
12960676
12939387
12922005
12918875
12915625
12900850
12899532
12899529
12899514
12891784
12883972
12866654
12852377
12851915
12843738
12834181
12819244
12815333
12815332
12815330
12814692
12814479
12813173
12780679
12779092
12778856
12773130
12751020
12753273
12753265
12751658
12748856
12733714
12729323
12720081
12719317
12716561
12703405
12680225
12679445
12678720
12677721
12674322
12673461
12671131
12646165
12639101
12636932
12631365
12619944
12612963
12611617
12599228
12598828
12595492
12590034
12570835
12558310
12548389
12544077
12542560
12528991
12527857
12522585
12521209
12520528
12520525
12499756
12496746
12496510
12490859
12485451
12469911
12467655
12465754
12460048
12454223
12438976
12431792
12425329
12412783
12412775
12412773
12410860
12399635
12399436
12389022
12388409
12388390
12369133
12369051
12364430
12324873
12239633
12235885
12233075
12231522
12231068
12227689
12222712
12207101
12216479
12203199
12203198
12187321
12187089
12185465
12182056
12173912
12166945
12162504
12151058
12147785
12145766
12145693
12138993
12135177
12132525
12131364
12119482
12110423
12109997
12107202
12077733
12073154
12064463
12050097
12048937
12046041
12039990
12033506
12018632
12015155
12009004
12005242
11980300
11956476
11956143
11934649
11932103
11931627
11918219
11912261
11909970
11878101
11867932
11858366
11857922
11853032
11834431
11824251
11809001
11803167
11792606
11779200
11774096
11770836
11757205
11751517
11746268
11744805
11743608
11739115
11739110
11728986
11721154
11717565
11706307
11705309
11704225
11704205
11703581
11701698
11691644
11689389
11689388
11689387
11689386
11689385
11689145
11680662
11679963
11675047
11586070
11585374
11576942
11576883
11576360
11562285
11523624
11522093
11522087
11515734
11501507
11491134
11490528
11485016
11464680
11455270
11450835
11443772
11441470
11441291
11440097
11416968
11413535
11407980
11403760
11395297
11394626
11384862
11353784
11340356
11339427
11337371
11334321
11332696
11319386
11318986
11310216
11309293
11306457
11305809
11285998
11274239
11271790
11256879
11244313
11228177
11225264
11221920
11213385
11200666
11197755
11195313
11179740
11173686
11167636
11156704
11149211
11148683
11147064
11134112
11127214
11125420
11119983
11117107
11117106
11110384
11100667
11100658
11095092
11093687
11078761
11076107
11076106
11073568
11055879
11039261
11033842
11033475
11030205
11014687
11012914
11007682
11003603
10996297
10982163
10981491
10978396
10977787
10977001
10975319
10972691
10972666
10972662
10958237
10953352
10935417
10929423
10927029
10920216
10916079
10912539
10912536
10910581
10897597
10885718
10872191
10828307
10809383
10806572
10801020
10798206
10787236
10778468
10771560
10766428
10763903
10754674
10741714
10727451
10707047
10701059
10697495
10692271
10690943
10681662
10676894
10672943
10663003
10662728
10660809
10658246
10646127
10644903
10638183
10633466
10633464
10630770
10626831
10626826
10620210
10616168
10613617
10605310
10601566
10598186
10594779
10594160
10541222
10567671
10566627
10547250
10525058
10515239
10502124
10493456
10491744
10490077
10488118
10485987
10485984
10469275
10465961
10463602
10460895
10454773
10452286
10436404
10436267
10435676
10432386
10422821
10417956
10416587
10412859
10411354
10405913
10401708
10395233
10393383
10389917
10385427
10372840
10367644
10354266
10352118
10350350
10322128
10321413
10232686
10232683
10232622
10201008
10094456
10090302
10089669
10089217
10088815
10086871
10048291
10028537
10028155
10027919
10024384
10023643
10023003
10022456
9920407
9916136
9915271
9894745
9886951
9883398
9880118
9876475
9869191
9865241
9854574
9848772
9844148
9844114
9821041
9820082
9814056
9808145
9808144
9808143
9808142
9799830
9798688
9792597
9775198
9769328
9767927
9748146
9738509
9737352
9737228
9725102
9724059
9711172
9708607
9705566
9699668
9697664
9697663
9692082
9684690
9680110
9655154
9644637
9643563
9638193
9630037
9628658
9560283
9593649
9607202
9558297
9593778
9598513
9597940
9588859
9586791
9585384
9582556
9574950
9557090
9549567
9543376
9534848
9525346
9513904
9510866
9509684
9503359
9492037
9480364
9474119
9375870
9450573
9446007
9445868
9434734
9430241
9416968
9371907
9398710
9390015
9370119
9356538
9344189
9382671
9337641
9335387
9329957
9380434
9302445
9274914
9217223
9316301
9316297
9276604
9260250
9257082
9253316
9245225
15251796
9388377
9247790
9229185
9215298
9214408
9192511
9217669
9146687
9140119
9204244
9100036
9090672
9099905
9364360
9089805
9088065
9076577
9062528
9062504
9048785
9035162
9387131
9380238
9360691
9360690
9091286
9058366
9058365
9058364
9030487
8995749
8972070
9162341
9010346
8968701
8943464
9158208
9007699
8944605
8941496
8913871
8849404
8813042
8897577
8897570
8837546
8837543
8828516
8798519
8999631
8947589
8914179
8890400
8876344
8869414
8864897
8773636
8870468
8856646
8854244
8844739
8765644
21541484
15251523
8966141
8896060
8760038
8661978
8792407
8776727
8763427
8753067
8731119
8674278
8667442
8613068
8668974
8655116
9627690
8610726
8602649
8644414
8600985
8819091
8732565
8723361
8704117
8620979
8609254
8998683
8689285
8652910
8636276
8620732
9813634
9813631
8937548
8935564
8903548
8883025
8881196
8865914
8845718
8840332
8773338
8773335
8772486
8770963
8754407
8750803
8738537
8734935
8726637
8711172
8684518
8550801
8550752
8538229
8808216
8749677
8747114
8675753
7478614
7485144
10155150
8575658
7582699
7559881
7473848
7483054
8557238
7673421
7660511
7586606
7581942
8579890
7650939
7631647
7495173
7474574
7606726
7615802
7608793
7602239
7775641
7648477
7633276
7652132
7634548
7604500
7872586
7869519
7710348
7699533
7872324
7788335
7781623
7847357
7835315
7756673
7756053
7754799
8587623
8578931
8571669
8569985
8569975
8559479
8538201
7872371
7837819
7814611
7808096
7782052
7753302
7660831
7614332
7584527
7496211
7798277
7988477
7894000
7889622
7872063
7871992
7987859
7959677
7956916
7944081
7944070
7899583
7881985
7873747
7873746
7814708
7947224
7979497
8528347
8049143
8045945
8042652
8015062
7984788
7970988
7812215
8202102
8076141
8024422
8029686
7958099
8207963
8087705
7933819
7927198
8175979
8074453
8062152
8053390
8053388
8052095
8151464
8030440
8004848
7987937
8164458
8187292
8139290
8131343
8129595
8086237
8180610
8012870
8140079
8857027
8190198
8073826
8052367
7999842
7999840
7937400
7879315
7878292
7857079
7857076
7855912
7831512
7816000
7783695
7747155
7725955
7700212
8293351
8243296
8277494
8276022
8238087
8012094
8276125
8275352
8274876
8261678
8217755
8403803
8377475
8375111
8364192
8225204
8224778
8212066
8142673
8128979
8393873
8225185
8217108
8321079
8514854
8501778
8495416
8390479
8320905
8512774
8501972
8491050
8483281
8483256
8473230
8462465
8387122
8386185
8378656
8490326
8455362
8455354
8451038
8445039
8441106
8441093
8438806
8384398
8316809
8502602
8474965
8428788
8382276
8381825
7951485
8450908
8433558
8428403
8413788
8399641
8396209
8382134
8381250
8377726
8345829
8342582
8322837
8292858
8267026
8262476
8197882
8161095
8145889
8112724
8105943
8047404
7944282
1458488
1486738
1469097
1464646
1455314
1447662
1337262
1335376
1333009
1292420
1491127
1453603
1453126
1336532
1332634
1405382
1360744
1339162
1333314
1453058
1505457
1435821
1333655
1453499
1390159
1335805
1322424
1321618
1614788
1393774
1391713
1320583
1592447
1449353
1343263
1594906
1585935
1569161
1343071
1315257
1313547
1594869
1340758
1322674
1631259
1585271
1582115
1579694
1546720
1333682
1311865
1371724
1736497
1732706
1631507
1630550
1617111
1606583
1580587
1563615
1552999
1549954
1518373
1488999
1482031
1466160
1457693
1436310
1398473
1391978
1345536
1339166
1295713
1291857
1742725
1805148
1962657
1815651
1777594
1779310
1760537
1752077
1665879
1658277
1669167
1887027
1843267
1796759
1767976
1765829
1763670
1663101
1662460
1661177
1943292
1935922
1669992
2065286
1855478
1654665
1653079
1889513
1940065
2031057
1895677
1895673
2056801
17588105
2069773
2067203
1675465
1865080
1994801
2000889
1996577
1857696
1850633
1648535
1648062
2017716
1847953
1824868
2064842
2054236
2046811
2007213
1986023
1933604
1896092
1883526
1836715
1830297
1813788
1810079
1800016
1800003
1788469
1776871
1775519
1756523
1659017
2285600
2250164
2082673
2081514
2080635
2226185
2242069
2239937
2229288
2208153
1963239
2399255
2212016
2222427
2396669
2393037
2381632
2261743
2224590
2214549
2167460
2121324
2076411
2115738
2104257
2163637
1962853
2386055
2114209
1971321
2339131
2166103
2159486
2158960
2158959
2139961
2342245
2331838
2325573
2325572
2325571
2325569
2325568
2325566
2318934
2182976
2161790
2109995
2159577
2165709
2162363
2162006
2156653
2106525
2305877
2158205
2137191
2392190
2390375
2358106
2339485
2331426
2254918
2118785
2089252
2075643
1982816
1963285
2586678
2693642
2631665
2601258
2595760
2819252
2816936
2693281
2534486
2507295
2604508
2777759
2815605
2764407
2760211
2673775
2673772
2673771
2671327
2631059
2627828
2552522
2505903
2631697
2787497
2585143
2763394
2665845
2662763
2548055
2792461
2800364
2746372
2744038
2743640
2735402
2678978
2544089
2785592
2765706
2762260
2736812
2649225
2539984
2539966
2717864
2787433
2545319
2543257
2921707
2747041
2662397
2662305
2648666
2645430
2645429
2544153
2536588
2913914
2919669
2913343
2662431
2644746
2911806
2910361
2811786
2809421
2783766
2783309
2757079
2716194
2693319
2682044
2675279
2665877
2615720
2554850
2548072
2538020
2527400
2500626
2500612
2471970
2849536
3195878
3230642
3210546
3144173
3143260
3077267
3063116
2855193
2846785
3271334
3183056
3182964
3177335
3070899
2848790
3263872
3202473
3145129
3144611
3063290
3411401
3241759
2853894
2459166
3184598
3142674
2456625
2841268
3379133
3264096
3176718
3373402
3395795
3360901
2841591
2895617
2837981
3279769
2979828
2830885
3350423
3342506
3130259
2964893
2841852
3380067
3368196
3346150
3337120
3335611
3265105
3252962
3247521
3218660
3163418
3068626
3052962
2852867
2845241
2845240
2826524
2826255
3450542
3689074
3332571
3323273
2822887
3621189
3498168
3437181
2821834
3669092
2887583
3654303
3119883
2821318
3110195
2956079
3626302
3505763
3153320
2851338
2830679
3659264
3605151
3605143
3591940
3037897
2954094
3599657
3576268
3493837
3037155
3035149
2821701
2880656
3826069
3611905
3030098
3813745
3812741
3807789
3806295
3806294
3803293
3563383
3563382
2950428
3796683
3782432
3691117
3691116
3691112
3684317
3658068
3631150
3557787
3550078
3495067
3491995
3306315
3036999
3025384
2832821
3780540
3777714
3100004
3023446
3777015
3770872
3676238
3564966
3490559
3796551
3830067
3767540
3766741
3536232
3026063
2876692
3755800
3761117
3755867
3755576
3755393
3489007
3019151
3018229
3761006
3759484
3755457
3490596
3467694
3016032
3013880
3755294
3755005
3487554
3088971
3017831
3011837
3757923
3754562
3754511
3720918
3523738
3522845
3521493
3089559
3012244
3012199
2845726
3715442
3487671
3963041
3508721
3503540
3020490
3700142
3699120
3485083
3485043
3033783
3003405
3754596
3753816
3487445
3485479
3082498
3002737
3754025
2935853
3941466
3811081
3767188
3754694
3604704
3565148
3502067
3492662
3020236
3016837
2422067
3937584
3937578
3841720
3008537
2416438
4056970
3905268
3879735
3876564
3840412
4032670
3839901
3877585
3876419
2993347
3840913
2932720
3840317
2991323
3928683
3875164
3840185
3839800
4015281
3876239
3843243
3839118
3839000
3838800
4018932
4004906
3840054
3839245
3839104
3838933
3160027
2580622
4012249
3993669
3992479
3931444
2984238
3838365
4036734
3985722
3928730
3872644
3838742
2995910
2995014
2985011
3157214
2983203
3924372
3924370
3873927
3838815
3838434
3838346
2982304
4021936
3874938
2984631
4082858
4069301
4022715
3982576
3917265
3915957
3899657
3892264
3881203
3879105
3876804
3875130
3871092
3862073
3841625
3841460
3838228
3838086
2986836
2983252
6548798
6549016
6548873
6548870
6548697
6508409
6502277
6100036
6094046
6548295
6513442
6548081
6503957
6441625
6088357
6548177
6330152
6500101
6515068
6547507
6330548
6547378
6436953
6385452
6377922
6331201
6091851
6088972
6547035
6144904
6143917
6547559
6546866
6543841
6332422
6324624
6699136
6609135
6547492
6546544
6546543
6430503
6321808
6546410
6716695
6695885
6607675
6335678
6368958
6691752
6594866
6548209
6546801
6546329
6546327
6546292
6517116
6489426
6429475
6378750
6372400
6091383
6085715
6688814
6416733
6314038
6360469
6676586
6874959
6688127
6410898
6409584
6411087
6861695
6853683
6689545
6688450
6684051
6311373
6856174
6307850
6876568
6687780
6300178
6299702
6837596
6688144
6300551
6855783
6687751
6338716
6405138
6881972
6600835
6600600
6844853
6689528
6689210
6687695
6633779
6625511
6401203
6367121
6306725
6296868
7149949
6819066
6127501
6765068
6291389
7174269
7140301
6896739
6300812
6817902
6300632
6300631
7144626
6896602
6896338
7126973
7118061
6978889
6897741
6897641
7074551
6896430
6896403
6811240
6286528
6283897
6123156
6280047
6281603
6286738
6896233
6896540
7070035
7041784
7041638
7036737
6277475
6211566
7123167
6895817
6819071
6813504
6761630
6761461
6302932
6298930
6278797
6277190
6141291
7313656
7340292
6793615
6271008
6974854
7037224
6269831
6897931
6895150
6894783
6894893
6894630
7294902
7246491
6978758
6274946
6266257
6265614
7196906
7229793
7022986
6262465
6167532
6114029
6972199
6894520
7015271
7211654
6938891
6894103
6893992
6261326
6270640
7467073
7458447
7259966
7023922
6976671
6894567
6276315
6253787
6253785
7455604
7453566
6107676
7444507
6893460
6893458
6252463
7425662
7419722
7206373
6971215
7411783
7436165
7006011
6893489
6893205
6968106
7392529
7420575
6246136
6249957
7362360
7358561
6766694
6248272
7351950
7355816
7374092
7469260
7425691
7351872
7011669
6989171
6968039
6937987
6898595
6895406
6775776
6243528
531567
229736
160852
492291
116737
227925
573283
492633
484524
482179
386792
37442
540887
514292
478681
388796
315115
224830
224162
477682
222916
312811
223374
446396
231424
227085
459990
443641
426400
223375
488032
219035
217276
532267
453687
443744
441670
440508
425376
232048
228213
223811
35760
723991
571306
215689
721683
744168
722898
707520
362722
709936
709935
309216
688743
672143
725466
668394
354759
657092
651964
208439
659599
205619
205382
628393
628374
629344
207082
752633
742836
700946
645444
308293
213947
106573
925484
244372
203417
341094
143891
900144
199972
333572
885994
196503
142130
869016
301629
907255
878519
192763
852974
558475
557759
402385
835947
576160
832019
899936
846625
835368
356207
356199
342176
310221
302061
201138
197820
187621
1013714
1030814
187718
828536
993311
11224
1086572
790341
182721
182436
932189
1270584
1030898
936674
133871
960762
1084176
983804
961464
937074
212224
1203685
1105981
1083013
812508
52757
1178481
1163676
1138547
1094256
1104994
166785
166600
1079005
125801
169580
1115441
164313
1112096
1232921
1090150
4425790
4614754
4546211
4365934
4367627
4372766
4544989
4365704
4859355
4544269
4377138
4372133
4372132
4368776
4364214
4203571
4790543
4751067
4712993
4516549
4540772
4265079
4643038
4643023
4509776
4345106
4642736
4558213
5040913
4338123
5033985
4337455
5067876
5022339
5020289
5054520
5041417
4661377
4536776
4551069
4598505
5129869
5317048
4340530
4936148
5555922
5113448
5092031
4103012
5120274
5554821
5470211
5312232
4989090
5432374
5311495
4914475
4318246
5524894
5419639
5427272
5450041
5498152
5419948
5421696
5421689
5523612
5504398
5494699
4253071
5386517
5360269
4310024
5305802
4978389
5806768
5802056
5304106
4883519
5404023
5696311
4976080
5746842
5679089
5683703
5657677
4972140
5694403
5304188
5304187
6074125
4294212
5258171
4291806
6082793
6045489
6026287
5596641
5595322
5180377
5972562
5341777
6009215
5928333
5991233
5929946
5989306
5912885
5907767
5901867
5983601
5856943
5886451
5843700
5838314
14339051
14344429
14334753
14327509
14314910
4953175
14296411
14296590
14284063
14266915
14253390
5855566
5842864
14236783
14241932
14223048
14219965
14217133
14212601
14173672
14186162
14218935
14208638
14170618
14209522
14203258
14184232
14158939
14150918
14150917
14148234
14184256
14177385
14147743
14250321
14248918
14187717
14187716
14171982
14141818
14146852
14120808
14147252
14142570
14159215
14153216
14107954
14097435
14191373
14140301
14130713
14148873
14129530
14169403
14142514
14134510
14105456
15446120
14112171
14098760
14096791
14092590
14089684
14090726
14066216
14056810
14053344
14056319
14001146
14031980
14171720
14083960
14048499
14045117
13958745
13987860
14035469
14478759
13963873
13906479
13700478
13766182
13710108
13691672
13787718
13837886
14439756
13852717
13822111
14410671
13674824
14436237
14408595
13654496
13827402
13644021
13611037
13600622
13616461
13513723
13522361
13461637
13446383
13413694
13417564
13437148
13408285
13373114
13298657
13176722
14387642
13425169
13077422
14815730
18890212
20272370
20342826
21008605
20982028
21026200
