20301460
20301501
20301551
20301574
21290785
25905209
25905277
25905352
26401545
26677510
28613662
28722928
29763170
29939598
30000922
30252281
32310427
32809577
32965974
33367869
33374019
33475080
33580868
33588742
33655432
33706595
33719687
33752479
33757126
33760035
33781636
33782820
33782903
33797709
33858271
33882494
33888409
33895963
33966153
33979013
33991270
34001663
34009558
34045136
34056886
34092015
34103212
34127484
34147308
34154441
34163023
34173940
34185278
34187761
34212488
34219349
34227016
34231314
34236133
34244852
34253875
34263421
34266650
34269603
34273098
34273436
34282293
34282514
34286397
34286472
34292490
34294550
34294642
34309798
34333847
34333883
34339094
34353389
34363294
34378863
34382512
34387520
34390334
34392411
34392465
34396816
34419519
34420167
34431070
34432556
34435736
34448151
34448696
34449087
34459522
34460928
34465503
34473302
34488237
34491388
34495356
34508834
34509358
34510284
34511326
34515077
34515170
34516292
34518448
34521087
34521329
34531112
34536257
34537456
34543425
34549338
34565207
34585446
34586605
34599865
34610419
34610438
34626363
34635026
34642844
34656640
34665413
34666930
34686069
34690082
34704113
34708456
34715580
34717305
34736874
34738309
34740538
34741231
34747516
34748862
34758173
34774561
34783697
34787825
34789074
34789346
34792294
34798513
34802412
34807347
34808299
34811512
34811762
34815154
34823789
34838540
34845313
34856477
34860339
34862042
34875438
34876305
34876341
34879218
34882904
34887530
34888693
34896898
34897963
34905018
34910381
34918440
34920073
34920196
34921974
34922902
34923884
34924123
34924262
34927340
34931443
34954017
34958299
34968553
34969941
34972243
34974130
34974305
34976214
34978734
34978779
34979983
34980675
34983328
34984612
34988942
34990766
34993083
34994208
34994220
34994765
34994816
34999978
35001156
35005971
35006070
35007683
35011106
35011514
35011732
35015734
35015879
35023538
35023876
35025763
35026347
35027842
35029893
35033017
35038008
35038187
35042976
35046805
35049000
35054938
35054991
35056765
35057443
35057501
35057768
35057843
35058790
35060008
35060333
35063243
35063244
35064587
35065688
35067385
35070337
35071023
35073986
35074396
35075212
35076791
35078844
35080754
35083999
35084563
35094636
35094884
35095485
35099689
35105696
35108641
35110465
35112475
35119030
35119062
35120154
35120579
35122787
35127748
35131657
35131685
35132370
35133014
35133180
35134986
35135481
35135698
35139489
35139789
35139790
35142600
35144414
35144770
35145414
35156909
35158075
35162887
35162923
35164299
35164637
35166181
35168474
35170711
35172045
35173680
35175580
35176038
35178954
35180026
35183713
35184655
35186523
35187010
35194063
35195734
35200136
35207074
35215453
35221676
35226895
35226897
35227255
35227526
35230570
35230979
35231474
35232219
35232774
35235185
35235284
35235580
35237863
35238975
35241379
35243916
35244289
35247475
35248722
35254535
35255354
35260827
35262225
35263586
35265144
35266882
35266925
35267901
35268029
35268438
35268609
35270015
35271495
35276799
35277755
35277957
35279011
35280255
35281213
35282483
35285015
35286963
35288871
35288872
35289573
35295209
35296793
35297304
35300298
35306980
35307124
35307460
35307907
35308255
35308556
35313627
35314072
35316924
35317735
35318962
35319388
35320556
35322953
35323709
35326133
35328440
35328538
35329972
35330131
35331463
35336859
35337233
35337625
35337892
35339349
35340239
35341156
35341608
35342661
35344887
35344944
35345326
35347555
35347947
35348903
35349100
35349587
35350341
35351460
35354793
35355655
35356249
35356882
35358119
35359873
35360722
35363181
35364123
35366767
35366815
35367329
35368765
35370278
35370631
35370667
35378367
35378538
35379306
35379519
35380083
35381264
35384824
35387335
35388330
35389084
35398500
35400407
35401217
35401777
35403929
35404165
35405355
35406077
35409017
35409313
35412693
35413644
35414099
35414556
35426014
35427726
35428826
35431007
35431567
35432182
35433774
35433960
35434448
35434454
35435133
35437440
35439976
35441735
35442270
35443576
35443599
35445260
35448854
35448979
35451298
35451393
35451491
35452837
35454141
35454357
35458199
35458934
35460222
35461256
35461329
35461413
35462371
35464768
35466639
35469112
35469547
35469580
35469966
35470026
35470055
35470469
35471088
35472507
35475796
35476120
35476933
35481834
35482713
35484519
35489082
35489602
35490494
35495881
35498132
35500939
35500940
35504549
35506754
35507237
35508444
35510516
35510830
35512551
35512757
35513558
35523361
35526529
35530510
35531703
35531767
35537862
35546139
35546745
35547199
35547357
35548579
35551374
35566409
35566509
35572411
35574465
35581010
35583127
35583526
35583860
35585576
35586117
35587600
35593150
35593614
35595310
35595474
35596156
35596636
35597332
35597927
35598122
35598508
35598638
35598813
35600234
35600603
35601441
35602498
35606035
35608146
35609046
35609516
35609996
35611435
35613472
35617337
35619568
35621372
35622066
35623800
35623831
35624853
35627973
35629435
35629904
35630052
35631140
35631221
35631257
35631265
35631270
35634197
35634404
35634488
35635324
35637650
35637925
35641798
35642413
35643375
35644015
35644284
35645822
35647137
35649325
35649583
35652093
35656701
35657784
35660500
35661049
35661533
35665128
35665987
35666374
35668772
35670083
35671711
35671809
35672745
35673488
35674582
35675938
35676731
35677742
35678269
35678297
35684085
35688469
35689669
35689819
35691282
35694252
35696643
35703173
35703216
35704534
35706870
35710560
35711102
35711377
35712685
35714209
35714216
35714553
35715915
35717444
35723489
35724525
35726330
35728850
35729513
35733316
35733655
35735508
35736361
35737063
35737953
35740009
35742647
35742850
35744059
35745159
35745210
35749253
35750223
35751311
35755045
35759144
35761813
35764669
35767524
35769838
35770077
35770890
35771347
35774994
35778716
35779234
35782942
35784701
35787282
35790138
35794582
35795914
35796036
35800011
35800433
35801391
35806377
35806399
35807304
35807756
35807767
35807867
35807874
35809346
35814258
35815260
35817704
35831559
35834511
35834513
35836135
35840016
35843134
35843477
35844355
35846303
35848975
35849018
35849060
35850747
35850793
35851128
35852860
35854190
35856161
35856462
35861499
35865443
35865941
35869437
35871513
35872348
35872799
35872985
35873549
35874522
35877026
35878597
35880320
35880856
35883516
35887733
35889305
35889503
35889755
35889902
35892022
35893866
35893916
35894284
35894849
35896969
35900669
35900720
35902433
35903083
35903522
35906329
35906396
35907259
35909977
35910356
35910788
35913960
35918192
35919528
35919818
35920131
35924048
35924053
35926592
35926776
35927602
35930049
35930297
35935765
35935814
35935868
35938133
35939371
35941392
35941808
35942383
35942573
35942813
35943527
35946486
35951256
35953115
35953117
35953778
35956932
35956936
35960430
35962636
35962694
35962709
35963415
35964866
35965874
35966750
35968238
35970430
35972287
35975131
35975853
35976944
35977397
35978370
35978629
35979316
35979902
35980102
35980507
35986754
35987108
35988211
35988935
35995418
35998793
36000910
36003509
36005278
36007272
36008701
36009040
36009862
36012412
36014837
36014941
36016570
36018496
36026516
36029489
36031144
36031160
36032486
36033826
36034816
36038109
36039529
36041061
36041682
36044877
36045219
36046061
36046740
36049350
36054571
36056538
36057144
36058582
36059191
36062127
36063240
36063875
36064684
36064876
36066908
36067652
36070301
36070847
36071661
36076481
36076553
36078170
36079711
36080252
36082108
36083982
36084974
36088526
36088997
36091833
36094934
36096824
36098617
36102808
36104443
36104963
36104966
36105622
36107130
36107450
36107525
36113188
36114759
36118837
36120321
36120391
36122758
36123042
36126902
36127604
36128477
36129597
36132538
36134595
36134646
36136562
36136575
36136583
36139066
36139852
36142295
36142929
36145066
36147472
36153722
36153899
36153902
36156733
36157459
36159833
36160426
36162617
36165567
36167701
36169213
36170343
36171913
36173884
36173905
36175096
36176639
36177313
36177327
36178860
36180655
36181090
36181368
36182059
36182060
36188735
36189533
36189556
36190633
36190819
36190833
36191944
36192566
36194380
36196332
36197052
36198206
36199013
36200156
36204094
36205586
36209684
36210622
36210823
36212247
36216195
36216304
36216731
36217349
36222120
36226529
36227926
36231298
36232221
36232514
36233647
36235108
36235699
36235734
36235800
36235814
36238608
36239349
36239741
36245654
36245661
36248359
36248710
36249425
36249821
36250468
36253508
36254066
36257219
36258757
36259229
36262995
36263137
36266308
36266621
36267284
36271349
36271963
36273125
36279086
36280016
36280432
36280589
36281932
36282253
36283011
36284230
36286746
36291179
36293076
36296948
36297050
36297336
36297351
36299825
36303046
36303108
36305135
36308942
36309912
36312427
36313325
36314104
36316014
36316091
36316651
36316853
36319874
36319951
36321825
36322258
36322291
36326853
36327007
36328900
36329388
36330070
36330606
36331700
36332124
36336124
36337728
36338833
36341813
36345919
36353932
36354004
36354128
36354958
36355996
36357127
36358567
36359307
36361652
36364721
36364887
36368565
36368937
36369018
36370961
36373327
36373746
36374723
36375645
36378134
36378477
36379914
36380204
36381378
36382755
36386135
36387371
36389115
36395959
36402181
36402686
36403958
36404469
36405284
36405836
36407374
36408255
36409180
36410103
36410557
36410806
36411609
36411664
36413925
36414586
36415742
36417038
36418713
36421023
36421984
36424618
36425593
36428248
36431017
36432528
36432604
36437023
36437252
36438912
36440227
36445655
36445882
36446713
36448219
36449257
36452235
36453429
36454448
36460034
36460269
36460743
36461175
36464492
36466074
36466412
36466709
36467079
36471146
36471536
36471920
36476616
36482991
36483738
36484698
36493874
36494280
36499168
36503032
36503070
36504478
36506523
36506525
36510041
36510688
36510827
36512619
36514737
36517799
36518673
36520003
36520031
36520238
36524761
36526702
36526918
36530889
36532730
36536867
36542221
36545737
36547775
36548761
36550881
36555160
36558475
36562038
36564233
36568601
36568993
36569327
36576213
36579842
36581018
36583173
36583468
36584312
36585122
36586573
36588682
36589976
36594383
36595809
36596149
36596414
36597278
36599872
36601502
36601736
36602123
36604890
36607966
36608778
36611532
36614214
36615681
36615736
36615783
36615824
36617700
36618701
36621334
36626537
36627024
36630317
36630492
36634628
36636981
36636996
36639990
36640443
36644578
36645022
36645057
36648873
36654552
36660701
36668851
36669788
36671416
36673114
36674891
36677849
36678208
36678310
36678894
36681707
36685180
36687458
36690052
36690782
36691165
36694496
36697917
36698076
36699036
36700560
36703887
36704595
36704806
36708191
36709541
36712665
36713159
36715197
36715302
36716659
36716925
36719850
36719854
36721621
36721750
36725221
36726442
36728285
36728468
36731683
36733377
36733503
36738503
36739488
36739953
36741931
36745046
36747270
36747357
36748187
36749131
36750149
36752209
36757031
36761158
36762989
36764562
36767251
36771254
36771287
36771342
36771493
36772833
36773217
36773844
36774922
36786440
36786859
36787559
36787845
36788445
36789945
36790677
36791684
36791927
36793790
36794437
36804290
36804379
36805738
36806098
36806483
36806795
36808315
36808335
36808527
36811147
36811473
36812096
36814491
36815532
36815587
36815815
36819685
36821628
36822867
36822871
36823243
36825782
36826494
36827229
36827348
36829583
36830794
36831311
36834279
36835159
36835308
36835797
36836202
36836700
36837924
36838814
36839180
36839219
36843745
36844744
36848027
36849161
36852808
36852849
36856119
36856310
36859300
36859418
36862253
36862284
36862513
36865010
36866789
36868730
36868732
36872244
36872500
36873652
36873872
36875100
36875720
36876579
36876681
36879552
36880227
36881533
36882038
36882711
36883925
36889537
36889632
36897216
36897499
36900438
36900727
36903372
36908215
36912858
36914037
36914980
36916426
36921076
36921687
36934979
36937245
36940677
36942026
36944133
36945836
36948767
36960871
36963758
36963868
36964322
36965827
36967231
36967933
36969120
36969810
36970786
36971089
36973606
36975210
36976873
36982237
36982393
36982400
36983052
36986034
36986078
36986200
36986241
36987774
36987959
36988549
36989323
36990008
36991108
36993809
36994519
36994999
36996047
37001297
37005241
37005540
37006175
37007048
37007688
37010240
37011375
37013894
37014358
37015047
37015052
37015198
37017261
37022945
37023822
37026924
37026958
37028606
37029114
37031725
37031821
37033238
37038353
37042623
37047601
37047636
37049415
37049550
37049567
37049574
37052002
37052642
37053279
37054686
37057658
37062274
37063062
37063319
37063876
37064892
37066508
37069993
37073148
37074676
37075855
37077940
37084138
37087550
37088234
37088241
37089916
37089928
37089951
37090466
37091893
37093420
37098678
37099142
37102663
37104693
37108424
37111132
37111182
37115600
37115697
37116624
37116875
37119905
37120127
37121733
37122165
37122432
37123717
37126347
37126766
37133642
37140706
37140734
37141952
37142440
37143004
37143425
37146709
37146904
37147744
37147752
37147762
37150034
37153282
37153357
37153373
37153797
37156091
37160835
37163823
37166400
37170583
37171332
37171706
37172693
37178773
37180412
37180720
37181136
37182299
37183248
37187878
37189612
37189771
37191747
37193977
37195239
37195242
37198665
37201665
37202214
37202281
37207706
37207881
37212158
37214340
37217896
37218423
37223179
37225004
37230521
37230954
37232560
37235771
37235772
37239749
37240430
37241122
37242121
37243936
37244074
37245856
37245874
37249901
37250542
37253348
37255001
37257328
37257702
37258233
37259062
37259554
37259614
37259667
37262087
37266145
37270534
37274450
37279891
37282900
37282924
37282926
37282927
37290900
37293793
37295755
37296804
37298776
37299386
37300391
37301454
37302722
37302723
37304094
37304224
37306667
37307737
37309083
37309340
37315436
37318891
37321430
37324888
37325915
37331266
37331524
37331957
37335862
37344379
37347360
37347448
37348652
37348793
37349949
37351236
37351832
37352066
37356648
37361521
37363824
37365045
37365530
37367879
37369569
37369635
37369991
37370009
37371510
37371637
37375705
37376162
37377862
37378851
37380964
37381741
37381989
37382008
37382341
37382933
37385177
37385905
37391133
37391399
37391687
37391950
37392044
37392674
37394108
37395021
37399185
37403637
37404303
37404402
37406751
37407664
37407958
37408329
37409723
37410351
37413900
37415623
37417182
37417308
37418978
37421259
37423998
37424606
37424951
37426183
37427770
37428412
37432214
37435493
37435955
37440993
37441503
37442941
37443358
37445252
37446941
37447107
37447174
37447305
37447315
37447398
37455133
37456428
37458807
37460931
37462513
37463986
37466817
37468453
37473660
37473685
37474996
37475086
37475139
37475716
37475719
37481478
37482091
37485775
37485879
37486715
37487472
37487638
37488276
37489175
37489201
37497203
37497207
37506432
37512002
37513525
37513959
37517171
37519503
37522131
37522433
37522453
37523837
37524452
37525199
37525329
37527180
37530847
37533272
37537731
37538795
37539955
37541363
37541585
37545494
37546001
37547514
37548021
37552392
37559361
37564017
37564202
37565668
37565761
37569752
37571302
37580684
37582785
37591223
37593870
37593884
37598813
37602095
37606747
37608241
37609357
37614189
37619529
37619675
37623041
37623232
37624528
37625519
37627594
37628932
37629597
37629672
37629712
37630693
37630806
37632511
37632513
37633586
37634982
37635058
37638034
37640010
37640988
37644033
37644841
37648583
37650798
37651553
37655944
37658221
37658999
37660283
37668147
37670819
37671844
37672508
37673290
37675342
37675376
37675740
37675925
37677965
37678470
37679901
37684491
37684572
37686757
37689304
37690631
37690849
37692668
37692953
37696667
37696942
37697718
37698654
37701241
37701608
37705451
37705913
37706594
37708561
37708936
37709226
37715768
37716118
37716257
37716490
37718520
37718534
37719563
37722138
37724516
37724528
37724534
37725314
37726247
37729887
37730530
37732507
37733829
37736948
37737657
37739701
37743677
37748453
37748470
37752381
37752891
37755974
37762132
37764345
37766573
37770630
37773677
37773831
37776230
37776380
37777028
37777840
37778520
37781547
37782191
37783110
37783206
37791911
37793365
37794377
37795800
37795914
37796688
37796899
37796994
37802782
37802806
37802876
37804821
37807497
37809218
37811033
37812572
37812696
37812931
37814913
37818618
37822821
37830848
37831322
37834950
37836572
37836583
37840235
37840577
37840640
37841948
37843136
37843843
37845735
37848540
37853507
37855308
37856499
37856796
37857629
37857905
37858011
37861047
37861343
37862823
37866960
37868805
37870148
37870491
37870829
37875141
37877542
37879527
37881268
37881737
37885621
37888477
37890360
37890647
37890803
37891088
37891605
37893119
37893513
37897423
37898028
37900457
37902011
37902013
37904427
37905940
37914287
37915196
37915889
37915898
37915917
37915933
37916327
37917394
37919067
37927500
37929213
37929542
37929656
37931150
37932788
37936391
37936469
37942058
37950429
37950553
37951508
37955107
37955135
37960119
37960159
37960279
37960311
37960326
37960730
37960957
37961861
37962089
37964112
37967548
37967978
37970055
37970595
37976694
37979640
37982235
37984306
37985504
37987256
37991505
37991543
37993669
37994436
37997994
37998164
38000521
38000993
38001800
38006197
38007184
38012124
38013385
38014453
38014685
38016974
38018725
38022571
38024354
38027201
38029001
38029231
38031637
38031729
38034199
38034992
38036016
38037248
38037501
38038121
38042389
38043705
38046017
38046558
38049745
38050337
38050530
38051214
38056233
38056999
38057042
38057332
38063464
38064270
38064850
38065251
38066925
38068745
38068792
38070668
38071745
38073545
38074821
38075233
38078932
38084162
38086983
38088374
38089160
38091198
38091680
38091820
38091897
38092856
38093238
38093628
38094012
38094445
38095544
38097018
38097963
38098876
38099870
38102596
38107115
38107808
38110607
38110950
38114225
38115276
38123572
38128853
38128854
38130747
38137939
38139208
38144653
38145082
38145616
38145959
38149555
38151924
38153512
38157259
38161179
38164661
38166537
38167149
38167534
38169564
38169576
38169578
38169912
38169967
38171698
38174000
38174303
38178573
38180339
38180728
38182349
38183745
38186336
38186894
38186988
38188654
38189866
38191926
38195892
38195897
38196016
38196497
38199335
38199618
38201833
38204248
38206710
38211982
38212212
38213220
38213484
38215102
38215692
38215894
38217017
38217967
38220413
38223093
38224447
38224930
38225595
38228231
38231717
38235107
38235723
38235885
38236007
38237547
38238510
38239236
38240140
38241060
38241440
38244230
38251765
38254024
38256064
38256206
38256228
38257130
38262401
38262850
38263697
38265012
38265383
38266504
38266872
38267238
38276313
38276941
38277525
38278730
38279479
38281199
38281653
38281712
38282657
38283477
38284271
38286380
38289404
38290470
38290569
38292973
38296583
38301791
38306007
38308547
38308549
38310502
38310856
38310857
38311247
38311939
38317140
38318690
38318718
38319546
38320365
38320454
38325670
38325869
38326440
38328391
38328574
38330015
38330562
38332001
38334322
38337366
38339121
38339137
38340950
38344172
38344666
38345583
38347520
38347655
38349462
38353663
38355239
38356141
38357845
38361465
38363466
38365794
38372767
38377965
38378306
38378456
38380573
38382279
38382432
38382928
38385423
38386361
38387989
38389147
38390199
38395972
38396063
38396314
38396685
38397979
38398842
38401836
38403329
38403867
38405026
38412204
38412278
38412632
38413628
38415296
38415620
38417578
38418932
38420675
38423413
38427579
38432393
38438128
38439685
38443742
38446387
38448689
38450434
38454315
38456329
38456977
38458480
38459922
38460576
38461124
38462749
38467869
38469711
38474734
38474743
38474791
38474799
38477777
38477787
38480639
38480886
38482596
38482902
38483311
38484132
38484635
38484857
38487702
38487751
38490516
38491222
38492367
38492684
38496297
38498272
38498671
38499495
38501163
38504452
38506982
38508434
38508914
38510781
38512458
38516886
38516898
38517399
38520630
38521428
38521858
38523634
38534044
38539867
38540696
38541146
38541742
38542131
38542759
38547517
38547738
38548057
38548583
38557506
38558206
38560961
38561893
38561931
38565556
38566240
38567303
38567585
38569274
38570350
38571475
38573917
38581313
38584908
38587605
38588017
38588411
38591824
38592300
38593700
38594468
38595876
38601203
38601472
38603672
38608120
38608754
38609867
38613055
38616177
38621240
38621435
38621947
38621963
38621971
38622550
38622759
38622918
38625007
38630339
38630872
38631411
38631983
38633934
38635056
38636575
38636653
38637109
38642819
38644805
38645562
38646635
38648172
38648716
38652006
38652803
38653852
38654817
38657576
38659701
38660700
38661183
38664087
38665051
38665562
38667470
38668886
38669945
38673703
38674109
38674846
38674854
38677576
38678670
38683096
38683298
38684391
38686902
38687125
38687343
38692707
38696076
38697845
38699076
38701324
38705901
38707926
38708084
38708238
38711978
38715821
38716532
38716639
38717575
38717748
38719622
38720666
38721177
38722471
38722953
38728008
38729584
38730099
38730366
38732094
38732502
38733252
38733429
38733903
38738648
38740531
38741412
38742202
38744090
38744714
38749285
38750193
38750846
38752174
38753188
38753845
38754642
38754644
38757304
38757785
38759315
38765814
38767629
38767642
38767811
38770543
38773354
38776285
38776739
38777423
38779272
38781013
38784190
38784349
38785272
38785301
38785302
38785394
38785509
38788215
38789949
38791164
38792638
38792691
38792994
38794880
38796137
38797623
38798248
38799248
38801274
38803053
38803195
38803876
38808595
38809154
38809361
38810556
38811765
38812163
38812201
38812630
38814214
38815612
38815983
38819821
38820324
38822364
38823933
38824883
38825809
38828402
38828426
38829563
38829564
38831530
38835665
38836372
38837387
38837454
38837801
38838799
38844252
38847773
38848802
38849302
38849443
38850526
38851471
38852577
38853876
38856077
38856936
38858392
38859815
38860361
38861941
38863952
38869042
38872014
38874080
38875118
38875385
38878452
38878662
38880699
38881082
38881200
38889902
38892458
38893451
38896006
38898685
38899946
38901411
38903928
38904010
38907841
38910489
38911445
38911867
38915473
38915962
38919100
38920168
38920171
38928391
38929190
38929882
38930016
38931153
38931207
38933248
38933256
38936192
38943837
38945007
38951701
38952053
38953223
38954308
38954410
38955117
38955708
38958884
38960621
38960649
38961105
38961721
38961848
38963115
38965720
38967135
38970512
38970659
38970671
38972525
38973423
38976478
38977750
38977946
38978798
38984988
38985667
38987257
38987749
38988094
38989577
38992516
38994592
38994594
38994698
38995910
38996723
38999413
38999551
38999878
39001776
39002024
39002149
39006675
39007536
39009921
39010898
39015062
39019617
39021818
39024672
39024685
39025164
39028478
39028721
39030535
39032787
39033751
39040854
39041121
39041205
39043841
39049541
39049782
39050394
39050617
39051070
39052079
39053861
39059606
39060498
39064068
39064764
39064798
39066508
39068589
39068647
39069029
39070434
39070865
39075978
39077231
39077418
39077821
39078711
39079608
39079962
39081409
39081774
39082076
39084258
39084463
39084894
39086235
39088813
39090792
39091616
39094755
39097161
39099383
39099567
39099827
39101133
39103444
39104818
39106502
39108107
39109075
39109083
39109782
39111495
39114236
39114392
39115418
39116316
39119524
39121930
39126060
39127117
39128762
39129282
39130977
39136767
39137626
39137806
39139923
39143770
39150022
39151521
39151712
39153778
39153796
39155056
39156357
39162795
39163977
39165274
39168622
39171395
39174389
39177627
39179936
39182546
39182595
39183499
39187213
39187537
39191216
39192528
39193114
39199229
39199241
39200348
39201108
39201667
39201671
39202706
39203744
39205630
39207633
39208984
39214202
39214462
39217653
39220918
39222615
39223048
39223353
39223820
39225105
39225946
39226171
39228604
39229378
39229822
39230198
39237970
39238242
39238373
39239654
39239655
39246657
39248530
39252179
39253189
39253350
39255902
39255926
39256329
39256890
39258172
39258532
39259064
39259236
39261859
39262661
39266931
39267629
39271736
39275246
39275304
39275312
39277673
39278440
39286240
39287308
39289784
39291192
39291529
39292364
39293609
39294036
39296670
39297097
39297941
39299219
39302807
39306745
39307756
39307799
39308629
39308920
39312356
39312360
39315011
39316402
39320843
39323346
39324694
39325033
39328339
39329105
39329410
39332190
39333225
39333622
39335504
39337080
39338992
39339698
39340208
39340710
39341130
39343576
39344977
39346076
39346645
39347801
39347955
39348649
39348806
39349115
39350653
39351188
39355058
39355397
39357088
39357548
39357843
39360029
39361236
39362034
39362281
39364464
39371767
39372236
39372299
39372304
39375595
39377959
39378693
39380224
39382800
39384649
39387052
39389472
39390733
39390855
39391374
39391899
39392232
39392591
39393529
39395239
39395579
39397040
39399120
39400501
39401174
39404813
39405991
39406078
39407248
39407947
39408358
39408756
39412047
39412138
39413860
39415839
39417795
39424254
39426490
39427152
39428282
39428978
39430920
39431372
39433296
39433832
39436083
39437230
39438407
39439522
39440885
39441644
39443397
39444299
39448556
39449947
39453192
39453202
39454544
39456817
39457388
39458524
39471704
39472184
39477815
39477852
39478534
39479630
39480824
39482471
39488871
39490411
39490412
39490713
39493442
39494101
39494215
39497971
39498034
39500111
39502770
39503225
39508089
39508839
39510423
39511062
39512959
39518989
39519609
39520810
39523380
39528001
39529796
39533354
39533376
39533425
39541663
39542139
39542182
39543197
39543734
39546190
39547432
39547778
39548025
39548228
39548442
39549108
39549542
39549930
39550349
39550923
39553492
39557587
39557986
39558979
39559176
39560955
39565049
39565075
39566842
39566865
39568068
39568287
39568327
39570083
39571908
39577885
39579742
39581908
39589174
39589683
39590856
39591250
39591326
39593321
39596166
39596344
39597015
39597872
39602894
39603250
39603397
39604607
39606517
39607647
39608497
39611279
39613006
39614180
39617304
39619130
39620369
39624014
39629019
39634334
39636040
39636415
39636884
39639196
39641572
39648664
39648806
39652245
39652264
39653157
39653371
39657857
39658144
39659133
39661472
39662299
39663264
39664943
39664992
39666622
39668135
39668321
39669799
39670303
39672381
39673234
39680101
39680321
39683395
39683469
39683474
39683529
39683535
39684548
39684834
39687299
39687302
39688907
39689345
39690050
39691704
39694243
39695924
39696279
39697967
39698033
39698241
39700761
39701607
39701743
39701796
39702164
39706356
39706673
39708884
39709090
39710722
39711121
39714067
39716076
39717782
39723094
39724918
39725615
39727952
39732948
39733803
39735688
39738859
39739469
39739624
39740397
39742128
39743167
39744164
39744796
39746293
39748100
39759671
39760581
39761836
39762500
39763063
39764975
39768249
39768960
39770886
39770942
39771597
39773393
39776750
39777098
39778541
39779154
39779544
39779572
39787157
39787573
39788675
39790902
39791168
39793182
39795863
39796493
39797687
39799338
39800243
39805763
39805769
39805777
39805793
39805816
39806632
39807269
39808478
39808776
39810230
39810793
39811257
39814584
39814766
39817391
39818286
39818342
39819709
39820546
39820573
39820853
39821819
39823333
39825278
39826005
39826409
39830333
39830654
39831189
39831479
39832629
39835716
39840146
39844078
39845803
39845897
39851221
39856354
39861407
39861741
39862309
39862790
39863950
39864017
39867525
39868447
39870959
39871236
39875204
39877267
39877324
39877349
39877385
39880066
39883259
39884006
39887469
39887665
39888257
39888902
39891426
39891841
39891958
39892309
39895816
39899071
39899613
39900049
39900525
39900786
39901236
39904045
39904762
39905060
39906471
39908847
39910544
39910563
39911241
39911847
39912605
39913299
39914065
39915171
39915375
39917615
39921597
39922926
39923458
39927157
39927360
39927983
39929264
39931371
39931687
39933299
39934684
39940240
39940394
39945129
39946202
39947365
39950983
39951251
39951942
39955488
39955823
39957166
39957812
39960618
39961423
39961994
39962960
39963561
39963620
39965833
39966333
39966886
39967828
39968398
39968673
39969301
39973749
39976030
39978869
39980440
39981255
39982237
39983846
39984250
39986648
39986711
39987179
39987904
39988911
39989003
39992551
39992980
39993642
39997503
39998074
39998134
40002765
40003626
40003935
40004063
40004979
40005041
40008355
40008536
40008927
40011073
40011815
40012383
40014035
40014045
40015687
40020136
40020160
40020645
40020766
40022813
40022890
40023546
40024322
40026221
40026490
40032388
40032932
40033811
40034741
40036574
40037575
40038566
40041756
40042167
40042788
40043644
40043828
40043830
40045219
40045654
40046619
40047139
40047327
40050784
40052796
40053500
40056569
40056629
40056634
40057535
40059365
40060059
40060078
40063620
40063910
40066528
40066856
40070325
40072702
40074458
40074938
40074969
40076489
40077618
40077642
40077644
40077652
40079084
40081424
40081514
40082065
40082562
40082838
40083955
40084744
40085338
40090147
40092214
40093417
40096899
40097066
40097341
40105168
40108938
40110605
40111701
40112631
40113040
40114574
40115864
40118908
40119098
40121944
40124992
40128951
40131582
40133024
40134933
40134958
40135225
40138314
40140809
40142606
40145451
40148085
40149691
40151083
40151112
40152784
40157168
40157700
40159291
40160047
40160292
40160460
40161125
40161151
40163825
40164571
40164931
40166056
40166442
40167639
40169583
40169631
40171160
40172612
40173262
40179317
40179829
40183161
40185382
40187622
40190509
40190826
40192621
40194744
40201764
40201916
40201944
40204247
40204886
40205520
40208450
40215813
40216049
40216906
40218001
40219004
40219042
40219624
40219880
40221040
40221212
40224136
40224709
40225429
40231466
40232162
40232853
40234225
40236300
40237914
40237977
40238918
40243490
40244241
40244700
40247955
40250637
40250639
40251018
40251505
40252188
40255536
40256359
40259348
40260594
40260596
40262199
40263672
40264313
40264662
40265109
40266188
40267214
40267309
40268403
40270655
40274201
40274257
40277331
40277419
40278798
40279968
40280372
40280860
40281066
40281379
40285850
40285980
40289670
40290139
40292440
40293615
40294665
40295304
40296308
40296765
40296930
40297143
40299638
40301056
40303515
40303869
40305310
40305356
40307477
40311293
40311716
40314085
40316070
40316982
40317952
40327838
40328488
40328830
40329202
40331369
40331388
40331590
40332481
40332575
40334822
40334846
40337124
40337995
40340029
40340356
40342405
40342620
40348304
40348698
40350306
40350875
40350951
40351007
40351787
40355605
40357033
40357302
40362207
40362516
40362638
40362848
40362897
40365986
40366022
40371013
40372263
40373454
40374376
40374378
40374815
40375122
40377119
40379985
40381110
40384385
40386935
40387743
40391812
40393939
40395438
40396885
40398238
40401423
40401560
40403389
40403892
40403893
40409234
40409520
40410153
40414576
40414879
40415726
40417213
40417451
40418216
40418456
40419392
40419661
40420008
40422586
40423532
40424487
40424489
40424491
40424980
40425314
40425732
40425751
40425930
40426186
40427399
40428271
40428338
40429870
40435181
40435579
40436665
40443307
40443639
40444760
40447849
40448043
40456316
40457078
40458228
40460282
40461634
40461642
40463902
40464023
40464747
40466630
40467506
40469726
40470435
40471524
40473175
40485692
40486579
40487614
40487763
40493864
40495687
40495770
40497187
40497970
40498952
40501234
40502382
40502555
40504372
40504978
40506227
40507069
40507200
40507204
40510419
40511140
40512368
40513925
40514697
40524292
40524295
40524307
40525390
40525868
40526091
40530097
40531443
40532258
40532799
40534542
40537301
40538167
40540646
40544508
40545107
40547367
40551698
40551736
40551948
40552151
40556462
40559875
40560787
40563141
40564893
40565121
40566544
40568667
40573072
40573218
40575213
40575233
40575263
40576086
40578033
40583089
40583356
40583511
40587713
40588052
40589511
40589961
40592335
40594210
40594524
40595957
40597532
40598250
40599402
40599821
40600068
40600608
40601645
40603453
40604004
40607825
40609400
40609967
40613401
40615622
40618483
40618849
40620673
40621077
40622867
40623671
40626024
40627412
40630322
40632423
40635714
40636365
40639237
40641396
40644925
40647189
40647217
40647294
40650083
40650247
40650408
40650716
40650741
40650789
40653837
40657042
40658147
40660590
40661744
40664265
40668510
40669569
40669685
40669820
40669844
40670320
40677434
40678758
40686118
40686143
40686149
40687286
40690436
40695659
40697092
40699786
40701286
40701306
40702230
40702949
40703671
40710544
40710560
40711695
40713580
40713826
40716178
40718189
40719085
40719749
40720530
40721630
40725988
40730312
40731829
40732948
40735439
40737851
40738402
40738853
40738888
40743209
40744909
40744957
40744977
40745008
40745695
40747334
40755245
40755453
40756379
40758532
40758659
40759105
40760064
40760640
40761667
40762952
40763600
40765050
40766752
40767161
40768773
40768808
40769912
40769945
40772193
40775474
40775608
40775686
40783939
40784026
40784855
40786991
40789361
40790782
40791232
40792613
40797487
40799824
40801037
40804707
40806006
40806143
40806310
40806569
40807197
40810065
40810072
40810234
40817567
40817937
40818183
40820579
40823027
40823556
40825974
40826392
40826740
40827228
40828323
40828501
40830226
40830297
40830877
40831821
40833047
40834959
40835195
40836226
40840142
40840796
40840920
40841164
40841951
40842401
40845199
40845422
40847599
40848339
40850069
40852810
40852855
40853908
40855048
40855930
40857105
40858564
40859329
40861214
40864045
40864195
40864644
40865661
40865992
40869261
40876553
40876793
40877299
40881125
40881129
40881674
40882292
40883653
40886393
40886476
40887504
40888197
40888638
40892003
40893352
40898827
40900974
40903025
40903224
40904090
40904155
40906605
40908674
40909020
40911182
40911368
40911613
40912381
40913165
40913714
40913984
40913988
40914150
40915339
40918678
40920313
40920599
40923262
40923578
40923581
40926858
40927054
40929884
40931511
40935133
40936512
40937418
40939692
40943327
40943442
40946579
40946939
40947647
40955464
40956519
40957644
40957753
40958907
40958909
40961933
40962149
40964105
40964123
40967358
40972482
40975524
40975639
40982150
40986394
40987669
40995594
40996201
40996610
40999805
41000396
41004268
41005570
41013395
41015284
41016605
41019153
41019174
41022597
41022603
41024859
41024950
41027741
41027876
41028235
41028503
41029678
41029725
41031161
41032243
41036659
41036747
41040470
41048444
41051061
41052726
41054760
41056462
41056861
41060485
41061028
41063991
41067218
41067325
41070026
41072781
41075516
41078623
41079599
41080180
41083062
41083951
41084433
41084537
41085492
41086682
41087311
41089330
41091352
41091893
41094532
41096184
41096479
41096605
41097160
41100446
41101944
41102529
41104336
41105819
41106567
41109041
41110386
41111505
41121243
41124036
41124706
41126342
41127093
41127512
41128934
41129310
41130369
41130526
41130584
41132574
41133236
41135755
41138231
41139039
41139455
41140655
41142318
41143739
41145267
41146174
41148161
41149254
41150979
41154367
41154514
41155345
41155478
41155582
41156516
41161321
41162306
41163589
41164167
41164370
41166079
41169941
41174594
41178427
41179057
41179273
41181744
41184185
41184190
41185530
41188188
41189779
41192106
41195389
41196140
41199170
41201506
41201837
41204553
41204648
41205475
41207007
41209164
41210855
41216233
41219559
41219653
41220468
41228549
41229263
41231382
41232657
41232933
41236568
41236711
41237886
41239451
41239676
41239733
41240945
41241172
41243244
41244933
41245191
41245353
41245512
41247431
41248343
41252408
41254501
41254796
41256226
41263307
41264472
41265593
41265695
41269893
41270547
41271412
41272496
41273870
41275096
41275986
41277124
41277190
41278974
41286655
41286680
41288308
41296303
41297594
41297724
41298369
41299437
41301699
41303180
41303567
41305835
41306405
41307414
41309823
41311427
41311841
41315018
41318996
41320263
41324413
41325503
41326783
41327825
41332367
41333019
41339299
41342154
41343096
41344525
41344535
41344558
41346005
41346711
41346967
41347159
41347220
41349753
41351365
41351641
41351981
41352648
41353129
41353172
41353443
41353804
41355208
41357323
41359359
41362524
41364067
41364512
41365191
41367049
41367397
41367906
41369384
41372846
41373676
41373702
41373979
41375642
41376433
41376594
41377247
41377821
41378759
41378845
41379777
41382083
41383072
41383483
41387110
41389078
41389885
41391256
41393738
41396280
41398709
41399536
41401720
41401909
41405634
41406040
41411491
41411504
41413369
41413488
41416442
41420444
41421229
41422294
41423666
41427219
41435634
41435895
41439946
41440534
41441043
41441634
41443722
41445831
41447776
41448460
41451365
41451661
41452545
41456651
41459479
41459576
41460356
41461331
41462666
41463102
41464359
41465941
41466013
41472911
41475301
41475627
41476071
41478348
41479833
41480733
41482091
41482798
41483656
41484578
41484635
41485293
41485626
41487503
41489845
41492600
41493104
41493853
41494777
41495071
41495152
41495819
41496587
41497482
41499934
41504339
41505809
41505915
41506858
41507715
41508061
41508079
41508183
41508276
41508401
41509897
41512387
41512636
41515211
41515248
41515987
41516280
41516371
41516959
41517402
41517692
41517695
41521235
41521976
41522358
41524138
41525345
41526893
41527339
41533064
41534748
41534753
41534778
41534817
41536046
41538249
41541051
41545818
41546685
41547302
41547455
41553722
41554386
41556235
41558292
41558388
41560345
41561180
41561270
41563785
41563806
41563920
41565306
41566544
41568437
41568849
41569401
41570782
41572972
41577393
41579636
41580170
41582081
41582083
41585789
41585876
41587861
41588765
41591153
41591643
41593439
41593503
41594603
41594636
41595553
41596359
41597410
41598294
41598477
41599874
41601955
41601988
41604211
41609313
41613773
41614444
41617174
41619334
41620444
41621346
41621517
41621765
41622156
41622380
41624374
41624795
41625893
41626778
41630263
41632093
41633353
41635559
41639212
41640076
41640495
41640563
41641228
41643453
41644022
41647113
41650326
41651464
41656187
41658234
41658645
41658808
41658817
41663781
41663805
41666883
41667765
41669241
41670945
41675570
41676834
41677364
41679482
41680987
41683213
41683304
41684021
41685628
41686214
41686594
41687319
41687939
41687942
41689710
41689871
41692069
41692748
41700144
41708605
41709326
41711888
41714465
41714537
41714879
41717548
41721282
41721995
41722646
41723893
41723963
41724716
41726364
41733465
41734579
41735618
41740333
41740595
41741919
41743533
41743882
41744009
41745778
41745993
41748292
41749168
41749356
41750292
41751363
41751891
41752068
41754512
41754996
41759264
41759604
41761990
41763939
41765407
41767388
41767403
41767622
41769869
41772864
41773735
41775004
41780609
41780760
41781734
41782079
41783140
41787465
41788230
41789254
41789532
41790500
41792449
41794259
41794500
41795329
41798971
41799036
41802508
41803768
41805289
41806393
41807663
41810125
41813705
41814187
41814794
41814828
41814838
41816639
41817903
41818307
41819520
41820319
41820827
41820871
41821729
41824833
41825658
41827616
41828612
41829892
41829943
41831743
41834101
41834408
41837851
41843157
41843847
41846891
41851014
41851213
41852037
41856685
41859737
41861190
41862053
41862672
41863058
41863906
41864868
41864904
41866478
41869234
41872423
41874449
41879281
41879407
41879964
41882653
41885832
41887378
41887699
41889513
41896405
41898654
41901098
41901130
41903436
41908350
41914158
41915735
41916254
41918843
41926306
41927240
41928887
41931204
41932666
41933167
41933287
41933750
41934677
41936033
41937014
41938509
41941374
41947221
41951771
41952764
41953702
41954905
41955023
41956868
41961655
41963313
41963952
41964296
41965581
41967777
41968655
41969938
41974620
41975774
41976864
41977230
41977470
41978105
41978192
41978484
41986538
41988382
41988468
41988867
41990244
41990703
41991079
41994682
41995568
42000046
42003671
42004611
42008315
42009593
42011760
42014593
42016027
42016599
42017099
42017261
42019998
42022031
42025422
42025678
42027563
42028265
42030650
42032467
42032481
42032911
42034942
42035037
42036071
42037176
42037196
42041404
42042955
42045024
42045681
42045798
42046317
42047124
42047771
42051255
42051457
42051555
42052083
42056070
42056484
42056937
42059045
42059807
42062028
42062723
42064771
42069286
42072052
42072099
42072635
42074080
42074989
42076830
42077154
42078937
42081720
42081958
42083432
42087286
42089253
42089756
42090375
42091431
42092452
42093444
42095997
42096120
42099240
42099321
42101440
42102104
42103197
42106499
42107751
42111895
42114105
42114435
42115320
42123987
42124007
42124022
42126674
42130921
42131237
42132369
42135894
42138105
42140351
42147796
42148117
42152667
42155821
42157107
42159462
42164922
42167448
42168361
42168607
42173417
42177512
42177596
42179806
42185068
42185416
42187184
42192819
42193051
42193909
42194651
42194720
42196627
42197003
42197052
42198402
42199063
42199077
42200637
42202097
42211059
42213695
42213719
42213908
42216852
42222872
42226649
42226858
42227095
42227696
42227748
42228291
42228637
42229382
42229624
42232530
42232692
42233273
42233382
42234877
42234880
42234900
42243492
42244400
42245937
42246001
42246021
42246040
42246913
42249314
42252089
42252669
42253133
42255435
42258342
42261036
42261556
42264423
42265040
42265663
42269343
42273634
42276167
42278618
42280420
42285222
42289136
42289390
42290815
42292217
42293164
42293210
42295123
42298982
42301927
42311414
42313881
42315969
42316064
42317869
42318334
42323684
42325512
42327478
42329338
42329551
42329834
42330874
42331195
42333359
42334005
42334563
42335503
42336964
42337699
42343466
42348067
42355813
42355880
42356125
42356219
42356265
42358669
42359004
42361469
42364341
42364692
42366091
42367414
42367736
42371291
42372623
42377652
42377807
42381143
42381343
42381472
42383063
42386087
42388919
42389197
42389381
42390305
42392460
42392702
42392750
42395684
42399956
42402093
42402613
42403205
42403814
42404077
42412640
42414560
42420763
42429367
42435526
42438056
42438722
42439406
42440498
42448161
42453136
42454785
42456907
42459745
42460517
42462050
42462212
42465995
42466877
42468847
42471226
42474531
42475265
42477910
42482237
42483646
42483853
42486192
42486830
42488551
42488652
42488663
42490725
42491740
42492672
42495460
42500250
42501286
42504310
42506350
42506718
