42368625
42298999
42263055
42208715
42105017
42090450
42062621
42043924
41977006
41906616
41884793
41682971
41682970
41650138
41582894
41560949
41552728
41521091
41438732
41230931
41184772
41157198
41140656
41134250
41097470
41081255
41054199
41017791
40992402
40949159
40917545
40900983
40848117
40843065
40780989
40769323
40755906
40680462
40673548
40670662
40663622
40628107
40464277
40420187
40357260
40348098
40231292
40203067
40064840
39984862
39917964
39778602
39747809
39728145
39700102
39657907
39618313
39598343
39565075
39514327
39324216
39188956
39086137
38983606
38852539
38826741
38811233
38797448
38661970
38647656
38592545
38460105
38453625
38325992
38324720
38299639
38287670
38269269
38183963
38036277
37980924
37953609
37789893
37778052
37750362
37544136
37494484
37487472
37324463
37246296
37241113
37235974
37175134
37075862
36836084
36758612
36728837
36725724
36706663
36622539
36502790
36452204
36452199
36427063
36419489
36304597
36195699
36189295
36141242
39077691
36072876
36071776
36046208
36018621
35862238
35816060
35776157
35772401
35713747
35665052
35656940
35652869
35611378
35599701
35595481
35586025
35547458
35531906
35528821
35507109
35380736
35333791
35259008
35238285
35217887
35138595
35135065
35108248
35000196
34991791
34988869
34988858
34962561
34926017
34909886
34901800
34896347
34866519
34813003
34805602
34753670
34752572
34738603
34710386
34649727
34641870
34605232
34584802
34555978
34330098
34298589
34175142
34104915
34095733
34059058
34020487
33910585
33775473
33754059
33749973
33744178
33719699
33693496
33595215
33549557
33522466
33455393
33392888
33392120
33368113
33330896
33307820
33301058
33282706
33249349
33234223
33209349
33196506
33160289
33132687
33110861
33090530
33050924
33040276
33039635
33032852
33030231
32995726
32992191
32931852
32918938
32902302
32890054
32888779
32740356
32738161
32699227
32695228
32673305
32634487
32567446
32463783
32426797
32421159
32414821
32378676
32312069
32286428
32279459
32243872
32218694
32200926
32185400
32171760
32164234
32124390
32043243
31998760
31990754
31941991
31932560
31923601
31877571
31869614
31857039
31831587
31794602
31729721
31689983
31662825
31659738
31655969
31626858
31606766
31603898
31592788
31571118
31466616
31462308
31453831
31376146
31370075
31367780
31295846
31242837
31237985
31236782
31233222
31085320
31078787
31075448
30982504
30976787
30939954
30906979
30900220
30803288
30768795
30732866
30669323
30645601
30618350
30590192
30486735
30449651
30403690
30395140
30385440
30380015
30369592
30354397
30336292
30174527
30173980
30153483
30128711
30046691
29948024
29860888
29855999
29848449
29635442
29627068
29578847
29575675
29515701
29455405
29439480
29395644
29299477
29256925
29203157
29136827
29076078
28983076
28962160
28924075
28877563
28871623
28854073
28853000
28820157
28733177
28686070
28675460
28644048
28599693
28561744
28552449
28477860
28477701
28444177
28425027
28392450
28334528
28324215
28298139
28262228
28233168
28232327
28231905
28214485
28213573
28197979
28182323
28126661
28110890
28099971
28040318
28033135
28006761
27979927
27933554
27914214
27823686
27459086
26482989
27659460
27657121
27560967
27553806
27539372
27497400
27489465
27483477
27426873
27404454
27384423
27333740
27325362
27289558
27259025
27257483
27251151
27213328
27212967
27185515
27166650
27165266
27092320
27086197
27051343
27001190
26993144
26961988
26904975
26904189
26865445
26732970
26725103
28339551
26716830
26705559
26620809
26616034
26590490
26572254
26540308
26485984
26467851
26403915
26383899
26354242
26324637
26233569
26184395
26156698
26137903
26091138
26070491
26061228
26030843
25922603
25920640
25916076
25882254
25879593
25851934
25837499
25810335
25790622
25444028
25438797
25365592
25358989
25318353
25262758
25243008
25231375
25196988
25182454
25089163
25068833
25062404
25043889
24867812
24836830
24807346
24766969
24760401
24517966
24385325
24251455
24239003
24222823
26858872
24124376
23949919
23906679
23895505
23705787
23691226
23676524
23642380
23622659
23598032
23579862
23528567
23493899
23474607
32260738
23242314
23207874
23172867
23169749
23092042
22857956
22819909
22816676
22780561
22698769
22651380
22591669
22521337
22696775
22437650
22381184
22369853
22361191
22323092
22300597
22289207
22269710
22247232
22182870
22173239
22157475
22142779
22130240
22047927
21954446
21933889
21901459
21875445
21773837
21747748
21742453
21672089
21607574
21569923
21531469
21459560
21455854
21447915
21423055
21412884
21329945
21274401
21241438
21193197
21168717
20868577
21145267
21137108
21121686
21088649
21056522
20934289
20866163
20854434
20681961
20664824
20617421
20560926
20437555
20169473
20155717
20129293
20104931
20102875
20040479
20031701
20029354
20028328
19937007
19875892
19699381
19628808
19619779
19615684
19540708
19535655
19497062
24683235
19430892
19390685
19364191
19232682
19193009
19124141
22128422
19036070
18980865
28876730
18790110
18843633
18806898
18779469
18757293
18716713
18627609
18617348
18570167
18389098
18280096
18278184
18267223
17941040
17923275
17916982
17896957
17896406
17882887
17702549
17692552
38620424
17659921
17638270
17569280
17556722
17536984
17461930
17443678
17410500
17379015
17368278
17368277
17343694
17343658
17264817
17244965
17192169
17182793
17161095
16959721
16958842
16909290
16796563
16784913
16752852
16683220
16614147
16614145
16584760
16573295
16549954
16448687
16412450
16354546
16340797
16333795
16322712
16227146
16151059
16126972
16095456
15989002
15933802
15893840
15854921
15782013
15678002
15622359
15566318
15361506
15355575
15314120
15226097
15217806
15172276
15066644
15060643
15039280
15027590
15012926
15011129
14766022
14742793
14736453
14683653
14681635
14680731
14640539
14586743
14570777
14570069
12904613
12844136
12821239
12732388
12730813
12717223
12696182
12687880
12652502
12623411
12612132
12563199
12556615
12549600
12532171
12521320
12488196
12438519
12422103
12368731
12177691
12124952
12081669
12073196
12035135
12025786
11926893
11924555
11907958
11834913
11829203
11811018
11800598
11800597
11703950
11685046
11678865
11672753
11588319
11583328
11565039
11473183
11425653
11422773
11409490
11333098
11325895
11231929
11231430
11170646
11115445
11111993
11108906
11101159
11079260
10930895
10930223
10898277
10890474
10767122
10650849
10637387
10630691
10595641
10503952
10461238
10453858
10372637
10369196
10353669
10349752
10211496
10102469
10089499
9973029
9920517
9878657
9873400
9870193
9865797
9863930
9848843
9805106
9777273
9762563
9756598
9743238
9722839
9686798
9660392
9652472
9577282
9574641
9569962
9412615
9409315
9347681
9327830
9341987
9301235
9293842
9190851
9250536
9012431
9498931
9406294
8983127
8955979
8989971
8918339
8958390
8840843
8650719
8743179
8739463
8555488
8773434
8540453
7646179
7769735
7863965
7795149
7766737
7800387
7831240
7974536
12436630
8179387
10147167
8149517
8054461
8305412
8191402
8132848
8280076
8275582
10151016
8392758
8518066
8417277
1453544
1436414
1381403
1642541
1514176
1574716
1555674
2018239
1773001
1788347
1976501
2271785
2368420
2326832
2154230
2105047
2697565
2560358
2494781
2660319
2647108
2839193
3368661
2907855
3436441
2958175
3629561
2442830
2952991
2436331
3923974
3841425
3841424
2987377
6091668
6098611
6307322
6826719
7060485
6293041
7031981
7470475
7355469
12770
