28520347
28613764
29261922
29494096
29939529
30000838
30000845
30000896
30000897
30000906
30020719
31082068
31334989
31335015
31335064
31869059
32204642
32207840
32491554
32491746
32620059
32666864
32691285
32788273
32809486
32897755
32951514
33183085
33279783
33346950
33428092
33459792
33480405
33566236
33587483
33594452
33608239
33634847
33647941
33678134
33685380
33703974
33706595
33714657
33719687
33722539
33726903
33730164
33733345
33759649
33822051
33863494
33864534
33871328
33871577
33879035
33892489
33896375
33948795
33950320
33957817
33958193
33962480
33971682
33975877
33982658
33988835
34003404
34008145
34052196
34099410
34115857
34121529
34126639
34126640
34130341
34130893
34132973
34143317
34148801
34153976
34176700
34223629
34226195
34242404
34244745
34254133
34279598
34287841
34320504
34322706
34338944
34340993
34350609
34370024
34379034
34389550
34391991
34393072
34399433
34409636
34415564
34417050
34420077
34436708
34448932
34453675
34469416
34481785
34483213
34509421
34518074
34521333
34523813
34529945
34533107
34535300
34547386
34548336
34551637
34554901
34555148
34562201
34567823
34569367
34606635
34612006
34613575
34613576
34619337
34622377
34622986
34624084
34625983
34626373
34626387
34626388
34626416
34634252
34635480
34637052
34637646
34637861
34652485
34652572
34652608
34657532
34662918
34664401
34665284
34665403
34669102
34671819
34671967
34677571
34687696
34688480
34705221
34708314
34714962
34718756
34718884
34719795
34737236
34738217
34740490
34747514
34748846
34751053
34756593
34757635
34759208
34773381
34773920
34779140
34780886
34789364
34798098
34800885
34808105
34812585
34816338
34819245
34821203
34821510
34822108
34839577
34845952
34846783
34850288
34852380
34857493
34871048
34875702
34879226
34879420
34894638
34895750
34904182
34918480
34928322
34929422
34929687
34932197
34935033
34935068
34935409
34937821
34958942
34963120
34964390
34964471
34968852
34970918
34973879
34977926
34978734
34979453
34980238
34980845
34981424
34982089
34983073
34983344
34985309
34986908
34990765
34991791
34994832
34999464
35000500
35007172
35014175
35017196
35025986
35027110
35027138
35028410
35032886
35036824
35037779
35038554
35041061
35042230
35043414
35045616
35049019
35049594
35051745
35051972
35056446
35057443
35057639
35059549
35060062
35060549
35060654
35063183
35064298
35069423
35073576
35074127
35078342
35078523
35080357
35086339
35086441
35091457
35092194
35093662
35095064
35096995
35099999
35102383
35102748
35105600
35107975
35109829
35110612
35111826
35112242
35113495
35115097
35120766
35122912
35127843
35131685
35132677
35135308
35135751
35137335
35137946
35138605
35138967
35141746
35143601
35143602
35145644
35146323
35147007
35147268
35149036
35149398
35152746
35155550
35155632
35155976
35157250
35157495
35159964
35162472
35164250
35164462
35165808
35166091
35167115
35168754
35171518
35172456
35172988
35173285
35175155
35176109
35178159
35183977
35185404
35185405
35185406
35185407
35185408
35185959
35191074
35191294
35191437
35191958
35192216
35193388
35193547
35196441
35196442
35200525
35200665
35207259
35209924
35212508
35213379
35213632
35217969
35220447
35222019
35224414
35228191
35228757
35229642
35230636
35230637
35238285
35238757
35239029
35240723
35242310
35243515
35243870
35243876
35244208
35244709
35245945
35247148
35248058
35249493
35253736
35253983
35257027
35261295
35261442
35265981
35266798
35267051
35268498
35268771
35272796
35273022
35282827
35283622
35285688
35287588
35287704
35287864
35289412
35290725
35292921
35292950
35294623
35294625
35296907
35297395
35298927
35300253
35305871
35306032
35308240
35309578
35309585
35310376
35316943
35319395
35320217
35320524
35322490
35324035
35329845
35330364
35330460
35330486
35332559
35332571
35334311
35334514
35334555
35335311
35337491
35337554
35338038
35341071
35343166
35343515
35345265
35347478
35352367
35352882
35355307
35360925
35362089
35363159
35364298
35366771
35368325
35370126
35371461
35372665
35373849
35379235
35380415
35380455
35380736
35381071
35383658
35384000
35384487
35386093
35387437
35394111
35395094
35395931
35396339
35400334
35401979
35405963
35406002
35407449
35407480
35407553
35409970
35410360
35411538
35413819
35417028
35417739
35417935
35419669
35420777
35425821
35426089
35426602
35427444
35431952
35433769
35433891
35434047
35436607
35439299
35439303
35440299
35440328
35441628
35443000
35444089
35444556
35449605
35449825
35451227
35452746
35453037
35453305
35456283
35462945
35465898
35467774
35470573
35470995
35471628
35472458
35476221
35476901
35481366
35482895
35488127
35491419
35493535
35494506
35495861
35496319
35497792
35500739
35500822
35510250
35512229
35513833
35515510
35517810
35518523
35522014
35525202
35526771
35533394
35533561
35533748
35533994
35534265
35538232
35542895
35543807
35544698
35545071
35547458
35547817
35564748
35564979
35566005
35573907
35576492
35577580
35579733
35579752
35581060
35582854
35583186
35583412
35586656
35587227
35592273
35593331
35594715
35594736
35601436
35601714
35603834
35608144
35609823
35612866
35615562
35616509
35616848
35619140
35619723
35620258
35620541
35621008
35622198
35623105
35623902
35627512
35628172
35628569
35628832
35629177
35630109
35633124
35634582
35635615
35637093
35638063
35638271
35638950
35641530
35643291
35646264
35647049
35647061
35648353
35649428
35650018
35655037
35655531
35656931
35656940
35661552
35664412
35665262
35672102
35674104
35675030
35677518
35677694
35677737
35678197
35680133
35682326
35684129
35684321
35685257
35685496
35685531
35685589
35689348
35690329
35695287
35699512
35699781
35699915
35700183
35703043
35703478
35708105
35710343
35711251
35712973
35713425
35713695
35714709
35715878
35716659
35717269
35722107
35725214
35727281
35727284
35727285
35727608
35728601
35728645
35729578
35733454
35733496
35736183
35742605
35743633
35748017
35748323
35754010
35754011
35754012
35757447
35757576
35763128
35763663
35764401
35767124
35767717
35770317
35774731
35775406
35776157
35778873
35781059
35783817
35787710
35788844
35791323
35799551
35801133
35801301
35802505
35802810
35805583
35806490
35807032
35807073
35807298
35816060
35821907
35822847
35829956
35833176
35834523
35836972
35838235
35841477
35844332
35845074
35846040
35850278
35851111
35853346
35853612
35854203
35859782
35859947
35860059
35860888
35862146
35864677
35865380
35865537
35865641
35867933
35868355
35868774
35869096
35869411
35871627
35871859
35874854
35876418
35877927
35878607
35881467
35882615
35885863
35887851
35887981
35890093
35890305
35893609
35893858
35894199
35894752
35899137
35900898
35901007
35901908
35902713
35907829
35908674
35911529
35919339
35920373
35921950
35922516
35922533
35924671
35924672
35925055
35925265
35928264
35928910
35929051
35932849
35938419
35941300
35946695
35947038
35949132
35949883
35955876
35956775
35957664
35958417
35960059
35964703
35964704
35964887
35965066
35966544
35966547
35970209
35973016
35973633
35974708
35981482
35981674
35983667
35984591
35986867
35988443
35989924
35990779
35992565
35996038
35996159
35997262
35997555
35997941
35998204
36000450
36005471
36005531
36006613
36008778
36009548
36013082
36014400
36016569
36017744
36030074
36030549
36031046
36035947
36036525
36037021
36040563
36042212
36044101
36045832
36051122
36052844
36061545
36062055
36062815
36063197
36064148
36065470
36065821
36066724
36067513
36069749
36075567
36078915
36082252
36085242
36086772
36093129
36094573
36095313
36096704
36097930
36098050
36099074
36100400
36100547
36102068
36102567
36102569
36103038
36106226
36106537
36111493
36114418
36114791
36121557
36121817
36123930
36125393
36125842
36126158
36129273
36130309
36134060
36136750
36137682
36143102
36143204
36144634
36145366
36150513
36153722
36158342
36162953
36163564
36166340
36168241
36169124
36172878
36172961
36173240
36173546
36173931
36174600
36174605
36176998
36179309
36179772
36180248
36181038
36181984
36182056
36182083
36186105
36187805
36189295
36194215
36196282
36199815
36201473
36202288
36203643
36203998
36206055
36206169
36208621
36208798
36208925
36210551
36210563
36213361
36213364
36223805
36227869
36229221
36229879
36231248
36231257
36233581
36237873
36237964
36239551
36239716
36241268
36242746
36243102
36244055
36244517
36244853
36245550
36247477
36247845
36249602
36250531
36252171
36253977
36255674
36256257
36256482
36257903
36259048
36264386
36265413
36265583
36267749
36269306
36270246
36272841
36277588
36277765
36278225
36278227
36286303
36286455
36286469
36286928
36291080
36294717
36295475
36297321
36299971
36300419
36303695
36304597
36307630
36310260
36311308
36311931
36312270
36314104
36314263
36314863
36316100
36316693
36318378
36318457
36321873
36321924
36323169
36323281
36323905
36325402
36325674
36328137
36328154
36328157
36329468
36330712
36331618
36332527
36335915
36336118
36336614
36339361
36341125
36342199
36342328
36343108
36343796
36349086
36351584
36352057
36352947
36354765
36356019
36362221
36362496
36362582
36362611
36362798
36366730
36367813
36370988
36371664
36374421
36384469
36386238
36388635
36400415
36400669
36402221
36406965
36407221
36407247
36407448
36409167
36410034
36411140
36413371
36413692
36422227
36422299
36422361
36422567
36425234
36426345
36427202
36428181
36433678
36434838
36435577
36440479
36443990
36444235
36445445
36446317
36447605
36451221
36452199
36452204
36456387
36462135
36462533
36471998
36472719
36474353
36477278
36478018
36478754
36479961
36480428
36483763
36493421
36495662
36508285
36511224
36513051
36520646
36524251
36525104
36525969
36527354
36530841
36538031
36540148
36541626
36547919
36549136
36549192
36554047
36561308
36562942
36568540
36571776
36571829
36574241
36575068
36575479
36577759
36581361
36582886
36584698
36589411
36591663
36592467
36593002
36594528
36598300
36599384
36601778
36601886
36603813
36609317
36616160
36621740
36624331
36624575
36624790
36626899
36628223
36631136
36633082
36636503
36646109
36651369
36655375
36655538
36660168
36661370
36662497
36674204
36676804
36684554
36690600
36690928
36691239
36692658
36694536
36697102
36698055
36698404
36700167
36700497
36700666
36703862
36705157
36706244
36706663
36707437
36707441
36708060
36709432
36709710
36710581
36711034
36711817
36714910
36718615
36719803
36720562
36724817
36730294
36730534
36730651
36735211
36735555
36739307
36741597
36746889
36750168
36750218
36755762
36756383
36757656
36758612
36762497
36764085
36769789
36769872
36771393
36773398
36775218
36776257
36786730
36788244
36790186
36792010
36793450
36793489
36795067
36795127
36796485
36796555
36799080
36800421
36803019
36803293
36804556
36807817
36807818
36813341
36814196
36814687
36815218
36817122
36817227
36817938
36820238
36820873
36823470
36824536
36826537
36826561
36827286
36827667
36827672
36828256
36831090
36835814
36836011
36837457
36837547
36837619
36838931
36839857
36843402
36844734
36849186
36849314
36849858
36853156
36856274
36858568
36859262
36859809
36861238
36861431
36864741
36865022
36866678
36869199
36871669
36872594
36874771
36876251
36876558
36877969
36880139
36890843
36891523
36893934
36896908
36902656
36905699
36906213
36907451
36907719
36911539
36912112
36915865
36916018
36916815
36921722
36923956
36925249
36928609
36928879
36933245
36934339
36935207
36940069
36940171
36940619
36941126
36941824
36941980
36942299
36942838
36944493
36946662
36951520
36959228
36959770
36960109
36961026
36968249
36968539
36968941
36969833
36971601
36971847
36972532
36974469
36976496
36983237
36988142
36989726
36990765
36995540
36996134
36996874
37000581
37001973
37009745
37011391
37013704
37014375
37014881
37016321
37017080
37020973
37021153
37022508
37028263
37028853
37028979
37028991
37029314
37030031
37030083
37038738
37039408
37041727
37042255
37046174
37049509
37057837
37057840
37058421
37061614
37065401
37068027
37070473
37070796
37073185
37079758
37080485
37081479
37085948
37087284
37089949
37091632
37091637
37093741
37094196
37094636
37094794
37097070
37097630
37101566
37103030
37106692
37108042
37108791
37108998
37109685
37111602
37111648
37113896
37115488
37115683
37116752
37122735
37125272
37125752
37132104
37137456
37138193
37138211
37139934
37140824
37141147
37141945
37143461
37144590
37145342
37147461
37148437
37151288
37154599
37160264
37161313
37162778
37163383
37167245
37168417
37169490
37169875
37170311
37170893
37171365
37174043
37175134
37178051
37179465
37181468
37182947
37185198
37186560
37188504
37193126
37194377
37196920
37201695
37204706
37204713
37204716
37207560
37211424
37214448
37216142
37218541
37218689
37219825
37222011
37225019
37227204
37227293
37227566
37232066
37232450
37233458
37238630
37240571
37243963
37244382
37246114
37246474
37247169
37252193
37257512
37261475
37261677
37263768
37267694
37272034
37277900
37278029
37280706
37282918
37285903
37287671
37291702
37291723
37292062
37292568
37293741
37294321
37295577
37301770
37303325
37305887
37306476
37306492
37308066
37308246
37310479
37310921
37313284
37321159
37321829
37323353
37324622
37324774
37326429
37327079
37330162
37330507
37337123
37337574
37338878
37340192
37341894
37342814
37345034
37348321
37352701
37354547
37355246
37355277
37356720
37360203
37366141
37368848
37369234
37372735
37373956
37377481
37382011
37385211
37390311
37390452
37390524
37390799
37391096
37391460
37393728
37397240
37397936
37398796
37398870
37399842
37405677
37407220
37415195
37418181
37419006
37422330
37427194
37427356
37427548
37429508
37429703
37436398
37437504
37438054
37439410
37439461
37440757
37445369
37445780
37447241
37451735
37452632
37453256
37456348
37462639
37465619
37466000
37466296
37467745
37470633
37471501
37474471
37478021
37480922
37482160
37482192
37482344
37483262
37487472
37494706
37498363
37502350
37504570
37510929
37522827
37528405
37528887
37530541
37533609
37534093
37536472
37538990
37544136
37544143
37544618
37544845
37545173
37547561
37547612
37548681
37550807
37551377
37554390
37559102
37560283
37565019
37565875
37572208
37573220
37576058
37576860
37579865
37580139
37580355
37583332
37584025
37586071
37586394
37588614
37590644
37590650
37594666
37596725
37597862
37598356
37600706
37601024
37605063
37605804
37610341
37611779
37614159
37620129
37621213
37621276
37622590
37622606
37625457
37626793
37633135
37634077
37634130
37634679
37636426
37638613
37639078
37639201
37639202
37641427
37644778
37648560
37648582
37649304
37651058
37652271
37652781
37658611
37659757
37660316
37661436
37670818
37671416
37673103
37680096
37682131
37682197
37688288
37690230
37693295
37695455
37697799
37703679
37704071
37704534
37707648
37713182
37716784
37717788
37719000
37719867
37719975
37725112
37728553
37728737
37730613
37731522
37731994
37732457
37733271
37739534
37741105
37741121
37741961
37742407
37746027
37749825
37752022
37753446
37754756
37758192
37760609
37760813
37762167
37762395
37762897
37772087
37774626
37775333
37775786
37776848
37778038
37778052
37779187
37779850
37780701
37781690
37791408
37795477
37801928
37802428
37802850
37809237
37810747
37811033
37812245
37813368
37814735
37823759
37827285
37827639
37829214
37832057
37835798
37837206
37838070
37838241
37839150
37842943
37844719
37844809
37847277
37847280
37848006
37848174
37849547
37850550
37857794
37858298
37860853
37872658
37872943
37875922
37879211
37879969
37881378
37882319
37884474
37886734
37892697
37892737
37897463
37898954
37899090
37900057
37900900
37905915
37914656
37915786
37918777
37926630
37927673
37929746
37930588
37931675
37932498
37933498
37935556
37945350
37947112
37949652
37950897
37951634
37952187
37953511
37956458
37959006
37959821
37959911
37960017
37960767
37965168
37970201
37975522
37976734
37983035
37985034
37986460
37991392
37992729
37994550
37994603
37995144
37995272
37996163
37996330
37997858
37997897
37999392
37999669
38003001
38003888
38004336
38009355
38010520
38011863
38012696
38014658
38014671
38014696
38015884
38018889
38019090
38019815
38020057
38021921
38027839
38028026
38028683
38031868
38032364
38035566
38036277
38037007
38038010
38038171
38043918
38045109
38045860
38046493
38050692
38052147
38056515
38056770
38057072
38058707
38066910
38076271
38076348
38087664
38088256
38089051
38089488
38092124
38092882
38097269
38103148
38107456
38107638
38108919
38112734
38114724
38116077
38116402
38117425
38118388
38127261
38127436
38128762
38128892
38136433
38137642
38138471
38140830
38142404
38142441
38153665
38153684
38153875
38154516
38159065
38161290
38163323
38163555
38164780
38166972
38167799
38167800
38170083
38171676
38172964
38174217
38174218
38175209
38178572
38180321
38181816
38184126
38186872
38188852
38189503
38190093
38193047
38193470
38194191
38196141
38197085
38199668
38199711
38199712
38202037
38202072
38202101
38202279
38205270
38207331
38214282
38216446
38222867
38230495
38231576
38233019
38237840
38238225
38241183
38246319
38250215
38252269
38252742
38255747
38256448
38262850
38264795
38264923
38266676
38269130
38271991
38274925
38276647
38279606
38281089
38281231
38286124
38287564
38290732
38290897
38291925
38292452
38293857
38294497
38296150
38298199
38298677
38299639
38302139
38303489
38303916
38304792
38305013
38307792
38307927
38308278
38308484
38310861
38312310
38316239
38317247
38319470
38319533
38320162
38320170
38320592
38321367
38322693
38327164
38330573
38332578
38335064
38335400
38336186
38336370
38337435
38340046
38340536
38344666
38346413
38353592
38354834
38355269
38355270
38361015
38361728
38362605
38363928
38366954
38371309
38374959
38375893
38378308
38380685
38381387
38381695
38385425
38387299
38388294
38390987
38395180
38400013
38401647
38402362
38402466
38404451
38404942
38406259
38409653
38410841
38412953
38412982
38413147
38420831
38428876
38429631
38431412
38437952
38438570
38438726
38442717
38443264
38444941
38446148
38451960
38456903
38458580
38458676
38460882
38461867
38462028
38465040
38465436
38466270
38466279
38466304
38467144
38468834
38475752
38478250
38481589
38481950
38486008
38487942
38489699
38491267
38492735
38493723
38493886
38494906
38500384
38503078
38503318
38505020
38505052
38510285
38510368
38511554
38512668
38513498
38517319
38517440
38521486
38525596
38525598
38525862
38525920
38531396
38531587
38532938
38533299
38535480
38539154
38539412
38543157
38545505
38547694
38552497
38553978
38555641
38560657
38560733
38561977
38565389
38565933
38567679
38567789
38569843
38569860
38576935
38579940
38580096
38580430
38580558
38581551
38583765
38587035
38590923
38590988
38592207
38597576
38603617
38606269
38606775
38609756
38610774
38612984
38613654
38616000
38621894
38622277
38622445
38623474
38623981
38626900
38633615
38635405
38636204
38637841
38638015
38638777
38639124
38639359
38640769
38642280
38643521
38644068
38644406
38644463
38650729
38657869
38660763
38666935
38667729
38667801
38669963
38673694
38679736
38680262
38680643
38680998
38681055
38681325
38683504
38684879
38686358
38686648
38688206
38688268
38688357
38688672
38692541
38694361
38695465
38697397
38697713
38699102
38699930
38701880
38704537
38704897
38706248
38710082
38710155
38716492
38716521
38717602
38722059
38726103
38726922
38728459
38728742
38729577
38731503
38735483
38739708
38741421
38743868
38744424
38744617
38747240
38753086
38754272
38754777
38755424
38762438
38763817
38763847
38765210
38766665
38770519
38770962
38771226
38771228
38771998
38772568
38773162
38774425
38778745
38780169
38781079
38782168
38782795
38786095
38786589
38795872
38797753
38801157
38801389
38802637
38803430
38805806
38808709
38811209
38811304
38812930
38812988
38813294
38814293
38816212
38816766
38817547
38823378
38823454
38823902
38824485
38824799
38828563
38829189
38831793
38833432
38837342
38838717
38839266
38842305
38845369
38847262
38849073
38852797
38858344
38860185
38864452
38866710
38875846
38876331
38878021
38888914
38889073
38892364
38892776
38892787
38893525
38894516
38894767
38899276
38899782
38901839
38902869
38905283
38905928
38906776
38907686
38913220
38915283
38915432
38920229
38920231
38920853
38922590
38925332
38925683
38926082
38931061
38934853
38935740
38938293
38938310
38939389
38939407
38939675
38941685
38941891
38942536
38943034
38945474
38945667
38947169
38947715
38949260
38952201
38952515
38952927
38955399
38958388
38959945
38962600
38962633
38963723
38964831
38965203
38972526
38975022
38976603
38976604
38976605
38976606
38976608
38976611
38976927
38982988
38983579
38984712
38989105
38989794
38990003
38990642
38993621
38997763
38999334
38999350
39002733
39006593
39007961
39008221
39016346
39017921
39024475
39027545
39027699
39027793
39027879
39027946
39027972
39028784
39028879
39029742
39032510
39032588
39036303
39037076
39038643
39039686
39039739
39040629
39041342
39042643
39045686
39051417
39055247
39056346
39056431
39061065
39064831
39067278
39074810
39075753
39076565
39076635
39076895
39076898
39076934
39076938
39077138
39077147
39077494
39077529
39077565
39077691
39077723
39080118
39080305
39082575
39086888
39088218
39089480
39089758
39089838
39092362
39094669
39094727
39094906
39096439
39097153
39099617
39100545
39100819
39102124
39102215
39105372
39106154
39107635
39109234
39112732
39115608
39119987
39120240
39120758
39122204
39124781
39126462
39126922
39127114
39128187
39130025
39130442
39130902
39131954
39135448
39135485
39137373
39139554
39140688
39140874
39141209
39143401
39145999
39153114
39153884
39154023
39154903
39156380
39158599
39163444
39165614
39168571
39171137
39174105
39174150
39175528
39181282
39182487
39184779
39190564
39190578
39191671
39197976
39198152
39199344
39200872
39201414
39202521
39202575
39202728
39205682
39206257
39212700
39216123
39220876
39221828
39229523
39230543
39233011
39245607
39248098
39248280
39256523
39263307
39265798
39265937
39266008
39266966
39267388
39273041
39273200
39274407
39274496
39274988
39279274
39280603
39283750
39286604
39286733
39286890
39288907
39290144
39291726
39297938
39299270
39299734
39306176
39306346
39308615
39311062
39311125
39311651
39312541
39314834
39315443
39317217
39317256
39318305
39323260
39324035
39326283
39329477
39331637
39332101
39332463
39335749
39337109
39337591
39338256
39339390
39343749
39344282
39344366
39344685
39344785
39348045
39352531
39353846
39355581
39355909
39358656
39362574
39365213
39366421
39374636
39376688
39377216
39378243
39383998
39386345
39387964
39388664
39393778
39393780
39394045
39394165
39396831
39397498
39407867
39416243
39420624
39420992
39426320
39431716
39432236
39432641
39434362
39438090
39439239
39439440
39439867
39446561
39452506
39457555
39458177
39459326
39461388
39465311
39470630
39471166
39473754
39474595
39476316
39477420
39477428
39479767
39482129
39486452
39491548
39492109
39493312
39495974
39496190
39496305
39502066
39505000
39508051
39508173
39510232
39516816
39518634
39520860
39522342
39522670
39522915
39525787
39527392
39533608
39536414
39538376
39542188
39546473
39551171
39551532
39552491
39557109
39557455
39559633
39563016
39567120
39567396
39568775
39571244
39575924
39581233
39582522
39583376
39583502
39584613
39586485
39586827
39587933
39588428
39590209
39594219
39597986
39598370
39599592
39607462
39607557
39613206
39614034
39615399
39619886
39620291
39622047
39623884
39629825
39630350
39631531
39636946
39643068
39644000
39645044
39645351
39654095
39654103
39654831
39655196
39655388
39657907
39658037
39658440
39660571
39664520
39666256
39670786
39671130
39672479
39675417
39677159
39679378
39680399
39681025
39682935
39683865
39686633
39687743
39687922
39688651
39692269
39693729
39694261
39702335
39703766
39706802
39708000
39712255
39713224
39713552
39721668
39728038
39728145
39729166
39731770
39737787
39738187
39741630
39741773
39743621
39744289
39747809
39748673
39751820
39756929
39764287
39768679
39770500
39770516
39774588
39775525
39776750
39778989
39779462
39787902
39790712
39793412
39798133
39798732
39804968
39805630
39808875
39815713
39817026
39820953
39821876
39822636
39825854
39831680
39832940
39838590
39838945
39840185
39841678
39843398
39844428
39845789
39855271
39857632
39864856
39867171
39868562
39872878
39879729
39880239
39883949
39884742
39885029
39891866
39892165
39892177
39893780
39895532
39895535
39896937
39898138
39898907
39900192
39903632
39903802
39904549
39905505
39906152
39910883
39912270
39914347
39914996
39915798
39917355
39918252
39918467
39921512
39923948
39924380
39924624
39928948
39928949
39929401
39930406
39930444
39930954
39932122
39932147
39934933
39936736
39937029
39938684
39941667
39941682
39941997
39950453
39951969
39956102
39958405
39960169
39963658
39966253
39970904
39973422
39978255
39978455
39980789
39984862
39985306
39985393
39986309
39986999
39988902
39989443
39990868
39991637
39991882
39993439
39993785
39994875
39997188
39998941
40000335
40003404
40003647
40004703
40005984
40009845
40010553
40015335
40022289
40026464
40031119
40035297
40040711
40051946
40053073
40058133
40061100
40065887
40066341
40068513
40072788
40076254
40083390
40089929
40091582
40091648
40091663
40092469
40094917
40095541
40095578
40097002
40100816
40101332
40101453
40104835
40105953
40108164
40109295
40111444
40113083
40115404
40115662
40117063
40117694
40118418
40125179
40129765
40137084
40142236
40142239
40142937
40143006
40144413
40144845
40149514
40151394
40151884
40155174
40157645
40158195
40160592
40160594
40167627
40168160
40170464
40171295
40172192
40177510
40177799
40178736
40183648
40185249
40186701
40186705
40188746
40190678
40198642
40208135
40209781
40212723
40217678
40222342
40222370
40223938
40224277
40226462
40233898
40234924
40236287
40237713
40241146
40242033
40243197
40248290
40255042
40256146
40256444
40256593
40257629
40261502
40266484
40268845
40270670
40273639
40276422
40278274
40278278
40283421
40286375
40289406
40291244
40291263
40291643
40292615
40293607
40294603
40298249
40300364
40300679
40302034
40302837
40303208
40303589
40315031
40319985
40322032
40324190
40327061
40328973
40331313
40334453
40339465
40339909
40340094
40344935
40348694
40350889
40353824
40356968
40357438
40357657
40359173
40363729
40363949
40366320
40366897
40366898
40367136
40370130
40370912
40371611
40372243
40374116
40376280
40376357
40377279
40377853
40384343
40389231
40389391
40390785
40390869
40395561
40395880
40397288
40401655
40401656
40401657
40403468
40406055
40413044
40418575
40421835
40422944
40424007
40426626
40429949
40443845
40449534
40449604
40450985
40456581
40460572
40462336
40466270
40468540
40468697
40471691
40476700
40484603
40485694
40485718
40486579
40486638
40488611
40488921
40490368
40491104
40492254
40497467
40499916
40500083
40500644
40506830
40507457
40518172
40520410
40521047
40525206
40525254
40525382
40526414
40531225
40536820
40537301
40537351
40540081
40541254
40541364
40542120
40544392
40546341
40549033
40549165
40549719
40551307
40552666
40552976
40555894
40555981
40558229
40566877
40568296
40570074
40571281
40572180
40573188
40577988
40578889
40585598
40586724
40589299
40590793
40592722
40593455
40599362
40600068
40602558
40607850
40607911
40608545
40608933
40609940
40611485
40616639
40620932
40621007
40634145
40636618
40638916
40646266
40648883
40649063
40650247
40658371
40660553
40660569
40662381
40663622
40667798
40671343
40673204
40674150
40675106
40675206
40678356
40678676
40680462
40683432
40684220
40685138
40688048
40695569
40697544
40697654
40701438
40704479
40706131
40706143
40710796
40714335
40714858
40719144
40719909
40720978
40727096
40727945
40729260
40732257
40733833
40738434
40740155
40746239
40748729
40752770
40761167
40761267
40765555
40766961
40769323
40769671
40774121
40774576
40776870
40777721
40778568
40782390
40783059
40787615
40794615
40796410
40802895
40803571
40807095
40807318
40815337
40816491
40818269
40820827
40821827
40823696
40828405
40829759
40831539
40838814
40841075
40846025
40846028
40849614
40850342
40857321
40858449
40859838
40859972
40862295
40863119
40868104
40868278
40869542
40869581
40875737
40877357
40878138
40879863
40887098
40887168
40889786
40891003
40895120
40910473
40917186
40917545
40923982
40925065
40925933
40928759
40930379
40930502
40933018
40935333
40939110
40943771
40943985
40945881
40960591
40962093
40966907
40967361
40970015
40974629
40979188
40981004
40983289
40988731
40989839
40991537
40992408
40993026
40994363
40997282
40999805
41002721
41003317
41004027
41015321
41017435
41018283
41018291
41025171
41026791
41030304
41034621
41038329
41041246
41044512
41045869
41046019
41046580
41054666
41055700
41057540
41065070
41065229
41069611
41071683
41072234
41072734
41073066
41074182
41075411
41079579
41082504
41084251
41084464
41084563
41086561
41089700
41095776
41095818
41097470
41097551
41100307
41102667
41103884
41104439
41105553
41106151
41108145
41108909
41109273
41111485
41112353
41116005
41116833
41118187
41123490
41128170
41130269
41130361
41134181
41134250
41135789
41137789
41139136
41139707
41141844
41145687
41146925
41148788
41148949
41149265
41149582
41149852
41151373
41154573
41156061
41156197
41162205
41165468
41167495
41169301
41169345
41175575
41177819
41178907
41181591
41182346
41184691
41187332
41187610
41190358
41195748
41206237
41206679
41208174
41208612
41209961
41211776
41211917
41216431
41222218
41224177
41227038
41227215
41229637
41230862
41232402
41233926
41242355
41242982
41251986
41252960
41260548
41263447
41263742
41263987
41268169
41273151
41273741
41275204
41278527
41278675
41288078
41290650
41292445
41293559
41293602
41295396
41301746
41303017
41303062
41303114
41303182
41304971
41305003
41306267
41308860
41311055
41311803
41311954
41314882
41315169
41316911
41317185
41319857
41325443
41325444
41332161
41340161
41343054
41343272
41347302
41347947
41348536
41349378
41349866
41355227
41358859
41360868
41369295
41370113
41373035
41375351
41377452
41380911
41387349
41388768
41393756
41397528
41397562
41398102
41398616
41399786
41401404
41401533
41401561
41405700
41415330
41415926
41424534
41424752
41426769
41427999
41428436
41428972
41431487
41432351
41432835
41432890
41440488
41440869
41441209
41443371
41448065
41450971
41457357
41458463
41458851
41459634
41459663
41461958
41462939
41464637
41464689
41464761
41465069
41466828
41467823
41469064
41472373
41475724
41475732
41478444
41481996
41482061
41486967
41492218
41496618
41501758
41502198
41503325
41503437
41506583
41509895
41512386
41517478
41518373
41518981
41524070
41525219
41529950
41531878
41536392
41536410
41541414
41550412
41551567
41552755
41552757
41553319
41553482
41553510
41554451
41559250
41560781
41564909
41567967
41571953
41575878
41576258
41577475
41582894
41583122
41587120
41587468
41589822
41592866
41594663
41596182
41596541
41599366
41603031
41604610
41605432
41614257
41614294
41614532
41616080
41617273
41621797
41630022
41631998
41632573
41634269
41634587
41637796
41638577
41638578
41641617
41645933
41647458
41649510
41649565
41649572
41656124
41657691
41658977
41660516
41661213
41662879
41665213
41665895
41668691
41669972
41671607
41671971
41672118
41672175
41672694
41674152
41674238
41676185
41677342
41682673
41682971
41683390
41684576
41685910
41689732
41689949
41692100
41694039
41694352
41694544
41695817
41699463
41701347
41702389
41709690
41711350
41711682
41712168
41712793
41714007
41717919
41718220
41718298
41719455
41719785
41721545
41722410
41725531
41726057
41728562
41733518
41735426
41736438
41741171
41742967
41748370
41749338
41754756
41754906
41756211
41759890
41760340
41760391
41763135
41763902
41768631
41769691
41773593
41780558
41782166
41785409
41786206
41788809
41790410
41790714
41791535
41791665
41793101
41805281
41805282
41806621
41809815
41816866
41818114
41819323
41819865
41822222
41822618
41827316
41827370
41827452
41828424
41834631
41845167
41847413
41848031
41848355
41850310
41853580
41853720
41856500
41858162
41858949
41859898
41861921
41873965
41876033
41876318
41880460
41881216
41881322
41884055
41885288
41888148
41891761
41892697
41899714
41901613
41903054
41903067
41910347
41910938
41912818
41914001
41914366
41916623
41921254
41921298
41924888
41926344
41928303
41933518
41935660
41938461
41941461
41943369
41946916
41948270
41951181
41954313
41958980
41960787
41968327
41970616
41970813
41974012
41978076
41985012
41985943
41986202
41990977
41991008
41992296
41994541
41995292
41998020
42003213
42007743
42008144
42009494
42011449
42012628
42016519
42017068
42017501
42019946
42030046
42031612
42032668
42035641
42038682
42041956
42041986
42046312
42048077
42048686
42056366
42057843
42058359
42059513
42065175
42067060
42072202
42072942
42075654
42076129
42080815
42081645
42081954
42087546
42088901
42091047
42092350
42092732
42093017
42097398
42098580
42102548
42104578
42105017
42108065
42115399
42115581
42116377
42116979
42122996
42123132
42123368
42123380
42126945
42128060
42128628
42132197
42136239
42136797
42148709
42152256
42161443
42162989
42163778
42164031
42168452
42171868
42177743
42177744
42178279
42185692
42187550
42188165
42189143
42190734
42194078
42199625
42206096
42209696
42212284
42215007
42217590
42222111
42223336
42224838
42231505
42233542
42233848
42238268
42240760
42242060
42254302
42258410
42266384
42269153
42272836
42275463
42275706
42278947
42279366
42289946
42298999
42300537
42305327
42308519
42312455
42315138
42315384
42318380
42318991
42320706
42321408
42321609
42322470
42322885
42322916
42328186
42336120
42338204
42342182
42343974
42351464
42355832
42361075
42361491
42362135
42364939
42366775
42367300
42367450
42367568
42374978
42377292
42377907
42382444
42385141
42390009
42392108
42392740
42392772
42392916
42398947
42401804
42403692
42405235
42405400
42409706
42411384
42411791
42411801
42412361
42413819
42415273
42421014
42424791
42426343
42431069
42432791
42433070
42436413
42436946
42438796
42441270
42443380
42448258
42450021
42450115
42450292
42452321
42453552
42456240
42459193
42459809
42462434
42464814
42468074
42472242
42474510
42476093
42477258
42480379
42489381
42489390
42492783
42493154
42494811
42502488
42505680
42505974
